3 0 253 204 9 8 -1 -1 -1 0 
3 1 217 171 8 9 -1 -1 -1 0 
3 2 312 189 8 8 -1 -1 -1 0 
4 0 254 204 8 8 -1 -1 -1 0 
4 1 216 172 8 9 -1 -1 -1 0 
4 2 311 188 8 8 -1 -1 -1 0 
5 0 254 205 8 8 -1 -1 -1 0 
5 1 216 173 9 9 -1 -1 -1 0 
5 2 311 187 8 8 -1 -1 -1 0 
6 0 254 206 8 8 -1 -1 -1 0 
6 1 217 174 9 9 -1 -1 -1 0 
6 2 310 185 10 10 -1 -1 -1 0 
7 0 254 207 9 8 -1 -1 -1 0 
7 1 216 175 11 9 -1 -1 -1 0 
7 2 310 185 10 9 -1 -1 -1 0 
8 0 255 208 8 8 -1 -1 -1 0 
8 1 218 177 8 7 -1 -1 -1 0 
8 2 311 185 8 8 -1 -1 -1 0 
9 0 256 209 8 8 -1 -1 -1 0 
9 1 218 178 8 7 -1 -1 -1 0 
9 2 310 183 10 10 -1 -1 -1 0 
10 0 256 210 9 8 -1 -1 -1 0 
10 1 219 178 7 8 -1 -1 -1 0 
10 2 310 183 9 9 -1 -1 -1 0 
11 0 258 211 8 8 -1 -1 -1 0 
11 1 218 178 10 10 -1 -1 -1 0 
11 2 310 182 8 8 -1 -1 -1 0 
12 0 258 212 9 8 -1 -1 -1 0 
12 1 219 179 10 10 -1 -1 -1 0 
12 2 309 180 9 10 -1 -1 -1 0 
13 0 260 213 9 8 -1 -1 -1 0 
13 1 220 180 9 9 -1 -1 -1 0 
13 2 308 179 10 10 -1 -1 -1 0 
14 0 261 214 8 8 -1 -1 -1 0 
14 1 221 182 8 7 -1 -1 -1 0 
14 2 307 178 10 10 -1 -1 -1 0 
15 0 263 214 8 8 -1 -1 -1 0 
15 1 222 182 7 8 -1 -1 -1 0 
15 2 307 177 10 10 -1 -1 -1 0 
16 0 265 215 8 8 -1 -1 -1 0 
16 1 221 182 10 9 -1 -1 -1 0 
16 2 306 176 10 10 -1 -1 -1 0 
17 0 266 216 9 8 -1 -1 -1 0 
17 1 222 184 9 7 -1 -1 -1 0 
17 2 306 175 9 9 -1 -1 -1 0 
18 0 268 217 9 8 -1 -1 -1 0 
18 1 224 185 7 7 -1 -1 -1 0 
18 2 306 175 8 7 -1 -1 -1 0 
19 0 271 218 7 7 -1 -1 -1 0 
19 1 224 185 9 8 -1 -1 -1 0 
19 2 306 174 7 7 -1 -1 -1 0 
20 0 273 218 7 7 -1 -1 -1 0 
20 1 224 185 10 10 -1 -1 -1 0 
20 2 305 173 7 7 -1 -1 -1 0 
21 0 274 218 9 9 -1 -1 -1 0 
21 1 225 186 10 10 -1 -1 -1 0 
21 2 304 172 8 7 -1 -1 -1 0 
22 0 277 218 8 8 -1 -1 -1 0 
22 1 225 187 10 10 -1 -1 -1 0 
22 2 304 171 7 7 -1 -1 -1 0 
23 0 278 217 10 10 -1 -1 -1 0 
23 1 226 188 10 10 -1 -1 -1 0 
23 2 303 170 8 7 -1 -1 -1 0 
24 0 280 217 9 9 -1 -1 -1 0 
24 1 227 189 9 10 -1 -1 -1 0 
24 2 303 168 7 8 -1 -1 -1 0 
25 0 282 217 9 9 -1 -1 -1 0 
25 1 227 190 10 10 -1 -1 -1 0 
25 2 301 167 10 9 -1 -1 -1 0 
26 0 283 217 9 9 -1 -1 -1 0 
26 1 227 191 10 10 -1 -1 -1 0 
26 2 302 167 7 8 -1 -1 -1 0 
27 0 284 216 9 9 -1 -1 -1 0 
27 1 227 192 10 10 -1 -1 -1 0 
27 2 301 165 9 10 -1 -1 -1 0 
28 0 286 216 9 9 -1 -1 -1 0 
28 1 228 193 9 9 -1 -1 -1 0 
28 2 300 165 9 9 -1 -1 -1 0 
29 0 287 215 9 9 -1 -1 -1 0 
29 1 228 194 10 10 -1 -1 -1 0 
29 2 301 165 7 8 -1 -1 -1 0 
30 0 288 215 9 9 -1 -1 -1 0 
30 1 228 196 10 10 -1 -1 -1 0 
30 2 300 163 9 10 -1 -1 -1 0 
31 0 288 214 10 9 -1 -1 -1 0 
31 1 228 198 9 9 -1 -1 -1 0 
31 2 300 163 9 9 -1 -1 -1 0 
32 0 289 213 10 9 -1 -1 -1 0 
32 1 229 200 7 8 -1 -1 -1 0 
32 2 301 163 7 8 -1 -1 -1 0 
33 0 290 213 9 9 -1 -1 -1 0 
33 1 227 201 10 9 -1 -1 -1 0 
33 2 299 161 9 10 -1 -1 -1 0 
34 0 291 212 9 9 -1 -1 -1 0 
34 1 227 203 8 8 -1 -1 -1 0 
34 2 299 161 9 9 -1 -1 -1 0 
35 0 292 212 8 9 -1 -1 -1 0 
35 1 226 204 10 10 -1 -1 -1 0 
35 2 300 161 7 8 -1 -1 -1 0 
36 0 292 211 9 9 -1 -1 -1 0 
36 1 225 206 10 10 -1 -1 -1 0 
36 2 300 160 8 9 -1 -1 -1 0 
37 0 293 210 8 9 -1 -1 -1 0 
37 1 225 208 9 9 -1 -1 -1 0 
37 2 299 159 9 10 -1 -1 -1 0 
38 0 293 209 9 9 -1 -1 -1 0 
38 1 225 211 8 7 -1 -1 -1 0 
38 2 299 159 9 9 -1 -1 -1 0 
39 0 294 209 7 8 -1 -1 -1 0 
39 1 225 212 7 8 -1 -1 -1 0 
39 2 300 159 7 8 -1 -1 -1 0 
40 0 293 207 10 10 -1 -1 -1 0 
40 1 224 213 10 9 -1 -1 -1 0 
40 2 299 157 9 10 -1 -1 -1 0 
41 0 293 207 10 9 -1 -1 -1 0 
41 1 225 215 8 8 -1 -1 -1 0 
41 2 299 157 9 10 -1 -1 -1 0 
42 0 294 206 9 9 -1 -1 -1 0 
42 1 225 215 9 10 -1 -1 -1 0 
42 2 299 156 9 10 -1 -1 -1 0 
43 0 295 206 7 7 -1 -1 -1 0 
43 1 225 217 9 9 -1 -1 -1 0 
43 2 298 156 9 10 -1 -1 -1 0 
44 0 295 205 7 7 -1 -1 -1 0 
44 1 226 218 8 8 -1 -1 -1 0 
44 2 299 156 7 9 -1 -1 -1 0 
45 0 294 204 8 7 -1 -1 -1 0 
45 1 226 218 9 10 -1 -1 -1 0 
45 2 297 155 9 10 -1 -1 -1 0 
46 0 293 203 9 7 -1 -1 -1 0 
46 1 227 219 9 9 -1 -1 -1 0 
46 2 298 155 7 9 -1 -1 -1 0 
47 0 293 202 8 7 -1 -1 -1 0 
47 1 228 220 10 9 -1 -1 -1 0 
47 2 296 154 9 10 -1 -1 -1 0 
48 0 292 201 9 7 -1 -1 -1 0 
48 1 230 222 8 7 -1 -1 -1 0 
48 2 296 154 9 10 -1 -1 -1 0 
49 0 292 200 8 7 -1 -1 -1 0 
49 1 232 222 7 8 -1 -1 -1 0 
49 2 295 154 9 10 -1 -1 -1 0 
50 0 291 199 8 7 -1 -1 -1 0 
50 1 232 222 9 9 -1 -1 -1 0 
50 2 294 154 9 10 -1 -1 -1 0 
51 0 290 198 8 7 -1 -1 -1 0 
51 1 234 223 9 9 -1 -1 -1 0 
51 2 293 153 9 10 -1 -1 -1 0 
52 0 289 197 8 7 -1 -1 -1 0 
52 1 236 224 8 8 -1 -1 -1 0 
52 2 292 153 9 10 -1 -1 -1 0 
53 0 288 196 8 7 -1 -1 -1 0 
53 1 237 224 9 9 -1 -1 -1 0 
53 2 291 153 9 10 -1 -1 -1 0 
54 0 286 195 9 7 -1 -1 -1 0 
54 1 239 225 8 8 -1 -1 -1 0 
54 2 290 153 9 10 -1 -1 -1 0 
55 0 286 194 8 8 -1 -1 -1 0 
55 1 240 225 10 9 -1 -1 -1 0 
55 2 289 153 8 10 -1 -1 -1 0 
56 0 285 194 8 8 -1 -1 -1 0 
56 1 242 226 8 8 -1 -1 -1 0 
56 2 287 153 9 9 -1 -1 -1 0 
57 0 284 193 7 8 -1 -1 -1 0 
57 1 243 226 9 10 -1 -1 -1 0 
57 2 287 153 7 8 -1 -1 -1 0 
58 0 283 193 8 8 -1 -1 -1 0 
58 1 244 227 9 9 -1 -1 -1 0 
58 2 284 152 9 10 -1 -1 -1 0 
59 0 282 193 8 8 -1 -1 -1 0 
59 1 245 228 10 9 -1 -1 -1 0 
59 2 282 151 9 10 -1 -1 -1 0 
60 0 281 192 8 8 -1 -1 -1 0 
60 1 247 229 9 9 -1 -1 -1 0 
60 2 281 151 9 10 -1 -1 -1 0 
61 0 281 192 6 8 -1 -1 -1 0 
61 1 249 230 7 8 -1 -1 -1 0 
61 2 279 151 9 9 -1 -1 -1 0 
62 0 280 192 7 8 -1 -1 -1 0 
62 1 248 231 9 9 -1 -1 -1 0 
62 2 279 151 7 8 -1 -1 -1 0 
63 0 279 193 7 8 -1 -1 -1 0 
63 1 250 232 7 8 -1 -1 -1 0 
63 2 277 150 8 10 -1 -1 -1 0 
64 0 277 193 9 9 -1 -1 -1 0 
64 1 250 232 9 9 -1 -1 -1 0 
64 2 275 149 9 10 -1 -1 -1 0 
65 0 277 193 8 9 -1 -1 -1 0 
65 1 250 233 10 9 -1 -1 -1 0 
65 2 274 149 9 10 -1 -1 -1 0 
66 0 277 193 7 9 -1 -1 -1 0 
66 1 251 234 9 9 -1 -1 -1 0 
66 2 273 149 9 10 -1 -1 -1 0 
67 0 275 193 9 9 -1 -1 -1 0 
67 1 253 235 7 8 -1 -1 -1 0 
67 2 272 148 9 10 -1 -1 -1 0 
68 0 274 194 9 9 -1 -1 -1 0 
68 1 252 235 9 10 -1 -1 -1 0 
68 2 272 148 8 10 -1 -1 -1 0 
69 0 274 194 8 9 -1 -1 -1 0 
69 1 253 236 9 9 -1 -1 -1 0 
69 2 271 148 8 10 -1 -1 -1 0 
70 0 273 194 8 9 -1 -1 -1 0 
70 1 254 238 7 8 -1 -1 -1 0 
70 2 270 148 9 10 -1 -1 -1 0 
71 0 273 195 7 9 -1 -1 -1 0 
71 1 253 238 10 10 -1 -1 -1 0 
71 2 269 148 9 10 -1 -1 -1 0 
72 0 271 195 9 9 -1 -1 -1 0 
72 1 254 239 10 10 -1 -1 -1 0 
72 2 269 148 8 10 -1 -1 -1 0 
73 0 270 195 9 9 -1 -1 -1 0 
73 1 255 240 9 9 -1 -1 -1 0 
73 2 268 149 8 10 -1 -1 -1 0 
74 0 270 196 7 8 -1 -1 -1 0 
74 1 255 241 9 9 -1 -1 -1 0 
74 2 267 149 9 10 -1 -1 -1 0 
75 0 268 196 9 9 -1 -1 -1 0 
75 1 255 242 10 9 -1 -1 -1 0 
75 2 266 149 9 10 -1 -1 -1 0 
76 0 266 196 9 9 -1 -1 -1 0 
76 1 257 243 7 8 -1 -1 -1 0 
76 2 266 150 7 9 -1 -1 -1 0 
77 0 265 197 9 9 -1 -1 -1 0 
77 1 256 243 10 10 -1 -1 -1 0 
77 2 264 150 9 10 -1 -1 -1 0 
78 0 264 197 9 9 -1 -1 -1 0 
78 1 256 244 10 9 -1 -1 -1 0 
78 2 263 151 8 9 -1 -1 -1 0 
79 0 263 197 9 9 -1 -1 -1 0 
79 1 257 245 9 9 -1 -1 -1 0 
79 2 263 152 6 8 -1 -1 -1 0 
80 0 262 198 9 9 -1 -1 -1 0 
80 1 258 246 7 8 -1 -1 -1 0 
80 2 261 152 7 10 -1 -1 -1 0 
81 0 261 198 9 9 -1 -1 -1 0 
81 1 258 246 9 9 -1 -1 -1 0 
81 2 259 153 8 9 -1 -1 -1 0 
82 0 260 199 8 8 -1 -1 -1 0 
82 1 258 247 9 9 -1 -1 -1 0 
82 2 258 154 7 8 -1 -1 -1 0 
83 0 259 199 8 9 -1 -1 -1 0 
83 1 259 248 7 8 -1 -1 -1 0 
83 2 255 154 9 10 -1 -1 -1 0 
84 0 258 200 8 9 -1 -1 -1 0 
84 1 258 248 10 10 -1 -1 -1 0 
84 2 254 154 9 10 -1 -1 -1 0 
85 0 257 200 7 9 -1 -1 -1 0 
85 1 258 249 10 9 -1 -1 -1 0 
85 2 253 155 8 10 -1 -1 -1 0 
86 0 256 201 7 8 -1 -1 -1 0 
86 1 259 250 8 8 -1 -1 -1 0 
86 2 251 156 9 9 -1 -1 -1 0 
87 0 254 201 9 9 -1 -1 -1 0 
87 1 258 250 10 9 -1 -1 -1 0 
87 2 250 157 7 8 -1 -1 -1 0 
88 0 254 202 8 8 -1 -1 -1 0 
88 1 258 250 10 9 -1 -1 -1 0 
88 2 248 157 9 9 -1 -1 -1 0 
89 0 254 203 6 7 -1 -1 -1 0 
89 1 259 250 8 8 -1 -1 -1 0 
89 2 248 158 6 8 -1 -1 -1 0 
90 0 252 202 8 9 -1 -1 -1 0 
90 1 258 249 10 10 -1 -1 -1 0 
90 2 245 157 9 10 -1 -1 -1 0 
91 0 251 203 9 9 -1 -1 -1 0 
91 1 258 248 9 10 -1 -1 -1 0 
91 2 244 158 9 10 -1 -1 -1 0 
92 0 250 203 9 9 -1 -1 -1 0 
92 1 259 248 7 9 -1 -1 -1 0 
92 2 242 158 9 10 -1 -1 -1 0 
93 0 249 203 9 9 -1 -1 -1 0 
93 1 257 247 10 9 -1 -1 -1 0 
93 2 241 158 9 10 -1 -1 -1 0 
94 0 249 204 7 8 -1 -1 -1 0 
94 1 258 247 7 8 -1 -1 -1 0 
94 2 240 159 9 10 -1 -1 -1 0 
95 0 247 204 9 9 -1 -1 -1 0 
95 1 256 245 10 10 -1 -1 -1 0 
95 2 239 159 9 10 -1 -1 -1 0 
96 0 246 204 9 9 -1 -1 -1 0 
96 1 256 244 10 10 -1 -1 -1 0 
96 2 238 160 8 9 -1 -1 -1 0 
97 0 245 204 9 9 -1 -1 -1 0 
97 1 256 243 9 10 -1 -1 -1 0 
97 2 238 161 6 7 -1 -1 -1 0 
98 0 244 205 8 8 -1 -1 -1 0 
98 1 256 242 9 10 -1 -1 -1 0 
98 2 237 161 6 8 -1 -1 -1 0 
99 0 244 206 6 6 -1 -1 -1 0 
99 1 255 242 10 10 -1 -1 -1 0 
99 2 235 160 9 10 -1 -1 -1 0 
100 0 242 206 7 6 -1 -1 -1 0 
100 1 255 241 9 10 -1 -1 -1 0 
100 2 234 161 9 9 -1 -1 -1 0 
101 0 240 205 7 7 -1 -1 -1 0 
101 1 255 241 9 10 -1 -1 -1 0 
101 2 234 162 7 8 -1 -1 -1 0 
102 0 238 204 9 9 -1 -1 -1 0 
102 1 254 240 10 10 -1 -1 -1 0 
102 2 233 162 8 9 -1 -1 -1 0 
103 0 237 204 9 9 -1 -1 -1 0 
103 1 254 240 10 10 -1 -1 -1 0 
103 2 233 163 7 8 -1 -1 -1 0 
104 0 235 204 9 9 -1 -1 -1 0 
104 1 254 240 8 9 -1 -1 -1 0 
104 2 231 162 9 10 -1 -1 -1 0 
105 0 234 204 9 9 -1 -1 -1 0 
105 1 253 239 10 10 -1 -1 -1 0 
105 2 231 163 9 10 -1 -1 -1 0 
106 0 232 204 9 9 -1 -1 -1 0 
106 1 253 239 10 10 -1 -1 -1 0 
106 2 230 163 9 10 -1 -1 -1 0 
107 0 231 204 9 9 -1 -1 -1 0 
107 1 253 239 9 10 -1 -1 -1 0 
107 2 229 164 9 10 -1 -1 -1 0 
108 0 230 204 9 9 -1 -1 -1 0 
108 1 252 238 10 10 -1 -1 -1 0 
108 2 229 164 9 10 -1 -1 -1 0 
109 0 229 204 9 9 -1 -1 -1 0 
109 1 252 238 10 10 -1 -1 -1 0 
109 2 228 165 9 10 -1 -1 -1 0 
110 0 228 205 8 9 -1 -1 -1 0 
110 1 252 238 9 10 -1 -1 -1 0 
110 2 228 165 9 10 -1 -1 -1 0 
111 0 227 205 8 9 -1 -1 -1 0 
111 1 251 237 10 10 -1 -1 -1 0 
111 2 227 165 9 10 -1 -1 -1 0 
112 0 226 206 9 9 -1 -1 -1 0 
112 1 251 237 10 10 -1 -1 -1 0 
112 2 226 166 9 10 -1 -1 -1 0 
113 0 225 206 8 9 -1 -1 -1 0 
113 1 251 237 9 10 -1 -1 -1 0 
113 2 226 166 9 10 -1 -1 -1 0 
114 0 224 207 9 9 -1 -1 -1 0 
114 1 250 236 10 10 -1 -1 -1 0 
114 2 225 167 9 10 -1 -1 -1 0 
115 0 223 207 9 9 -1 -1 -1 0 
115 1 250 236 10 10 -1 -1 -1 0 
115 2 225 167 8 10 -1 -1 -1 0 
116 0 222 208 9 9 -1 -1 -1 0 
116 1 251 236 8 9 -1 -1 -1 0 
116 2 224 167 8 10 -1 -1 -1 0 
117 0 221 208 9 9 -1 -1 -1 0 
117 1 250 235 10 10 -1 -1 -1 0 
117 2 223 167 9 10 -1 -1 -1 0 
118 0 220 209 9 9 -1 -1 -1 0 
118 1 250 235 10 10 -1 -1 -1 0 
118 2 222 168 9 10 -1 -1 -1 0 
119 0 219 209 9 9 -1 -1 -1 0 
119 1 250 235 9 10 -1 -1 -1 0 
119 2 221 168 10 10 -1 -1 -1 0 
120 0 218 210 9 9 -1 -1 -1 0 
120 1 250 235 9 9 -1 -1 -1 0 
120 2 221 168 9 10 -1 -1 -1 0 
121 0 218 210 8 9 -1 -1 -1 0 
121 1 251 235 7 8 -1 -1 -1 0 
121 2 220 169 8 9 -1 -1 -1 0 
122 0 217 211 9 9 -1 -1 -1 0 
122 1 250 234 9 10 -1 -1 -1 0 
122 2 220 170 7 7 -1 -1 -1 0 
123 0 216 211 9 9 -1 -1 -1 0 
123 1 250 234 9 10 -1 -1 -1 0 
123 2 219 170 7 8 -1 -1 -1 0 
124 0 216 212 9 9 -1 -1 -1 0 
124 1 249 235 10 10 -1 -1 -1 0 
124 2 217 168 9 10 -1 -1 -1 0 
125 0 216 212 9 9 -1 -1 -1 0 
125 1 250 235 9 10 -1 -1 -1 0 
125 2 216 168 9 10 -1 -1 -1 0 
126 0 216 213 8 8 -1 -1 -1 0 
126 1 251 236 7 9 -1 -1 -1 0 
126 2 214 168 9 10 -1 -1 -1 0 
127 0 217 214 6 7 -1 -1 -1 0 
127 1 249 236 11 10 -1 -1 -1 0 
127 2 213 168 9 10 -1 -1 -1 0 
128 0 216 214 7 9 -1 -1 -1 0 
128 1 250 236 9 10 -1 -1 -1 0 
128 2 211 167 10 10 -1 -1 -1 0 
129 0 216 214 8 9 -1 -1 -1 0 
129 1 250 237 10 10 -1 -1 -1 0 
129 2 210 167 9 10 -1 -1 -1 0 
130 0 217 215 7 8 -1 -1 -1 0 
130 1 250 237 10 10 -1 -1 -1 0 
130 2 208 167 9 9 -1 -1 -1 0 
131 0 216 215 9 9 -1 -1 -1 0 
131 1 251 238 9 10 -1 -1 -1 0 
131 2 207 167 7 8 -1 -1 -1 0 
132 0 216 216 10 9 -1 -1 -1 0 
132 1 251 239 9 10 -1 -1 -1 0 
132 2 205 165 9 10 -1 -1 -1 0 
133 0 218 217 7 8 -1 -1 -1 0 
133 1 252 240 8 9 -1 -1 -1 0 
133 2 203 165 9 10 -1 -1 -1 0 
134 0 218 217 9 9 -1 -1 -1 0 
134 1 252 241 9 10 -1 -1 -1 0 
134 2 201 165 9 10 -1 -1 -1 0 
135 0 219 218 8 8 -1 -1 -1 0 
135 1 252 241 10 10 -1 -1 -1 0 
135 2 199 164 10 10 -1 -1 -1 0 
136 0 220 218 9 9 -1 -1 -1 0 
136 1 253 242 10 10 -1 -1 -1 0 
136 2 198 164 9 10 -1 -1 -1 0 
137 0 221 219 9 9 -1 -1 -1 0 
137 1 253 243 10 10 -1 -1 -1 0 
137 2 197 165 9 10 -1 -1 -1 0 
138 0 223 220 7 8 -1 -1 -1 0 
138 1 255 244 8 9 -1 -1 -1 0 
138 2 196 165 9 10 -1 -1 -1 0 
139 0 223 220 9 9 -1 -1 -1 0 
139 1 254 244 11 11 -1 -1 -1 0 
139 2 195 166 10 9 -1 -1 -1 0 
140 0 225 221 8 9 -1 -1 -1 0 
140 1 255 245 10 10 -1 -1 -1 0 
140 2 195 167 8 8 -1 -1 -1 0 
141 0 226 221 9 9 -1 -1 -1 0 
141 1 256 246 10 10 -1 -1 -1 0 
141 2 193 167 10 10 -1 -1 -1 0 
142 0 228 222 9 9 -1 -1 -1 0 
142 1 256 246 10 10 -1 -1 -1 0 
142 2 193 168 10 10 -1 -1 -1 0 
143 0 230 223 8 8 -1 -1 -1 0 
143 1 257 247 10 9 -1 -1 -1 0 
143 2 193 169 9 10 -1 -1 -1 0 
144 0 231 223 9 9 -1 -1 -1 0 
144 1 259 248 7 9 -1 -1 -1 0 
144 2 193 171 9 9 -1 -1 -1 0 
145 0 234 224 7 8 -1 -1 -1 0 
145 1 258 248 10 10 -1 -1 -1 0 
145 2 194 173 7 8 -1 -1 -1 0 
146 0 234 224 10 10 -1 -1 -1 0 
146 1 259 248 9 10 -1 -1 -1 0 
146 2 193 173 9 10 -1 -1 -1 0 
147 0 236 225 9 10 -1 -1 -1 0 
147 1 260 249 8 10 -1 -1 -1 0 
147 2 193 175 9 9 -1 -1 -1 0 
148 0 238 226 9 9 -1 -1 -1 0 
148 1 259 249 10 10 -1 -1 -1 0 
148 2 193 178 8 7 -1 -1 -1 0 
149 0 240 227 8 8 -1 -1 -1 0 
149 1 260 249 10 10 -1 -1 -1 0 
149 2 194 179 7 8 -1 -1 -1 0 
150 0 240 227 10 10 -1 -1 -1 0 
150 1 260 250 10 10 -1 -1 -1 0 
150 2 193 180 9 10 -1 -1 -1 0 
151 0 242 228 9 9 -1 -1 -1 0 
151 1 261 250 9 10 -1 -1 -1 0 
151 2 193 182 10 10 -1 -1 -1 0 
152 0 244 229 7 8 -1 -1 -1 0 
152 1 262 250 8 10 -1 -1 -1 0 
152 2 193 184 10 9 -1 -1 -1 0 
153 0 244 228 9 10 -1 -1 -1 0 
153 1 261 250 10 10 -1 -1 -1 0 
153 2 194 186 8 8 -1 -1 -1 0 
154 0 245 229 9 9 -1 -1 -1 0 
154 1 262 250 9 10 -1 -1 -1 0 
154 2 194 187 9 9 -1 -1 -1 0 
155 0 246 229 9 9 -1 -1 -1 0 
155 1 262 250 9 10 -1 -1 -1 0 
155 2 195 189 8 8 -1 -1 -1 0 
156 0 248 230 7 7 -1 -1 -1 0 
156 1 263 250 8 10 -1 -1 -1 0 
156 2 195 190 9 9 -1 -1 -1 0 
157 0 249 231 7 7 -1 -1 -1 0 
157 1 263 250 8 9 -1 -1 -1 0 
157 2 195 191 9 9 -1 -1 -1 0 
158 0 250 231 7 7 -1 -1 -1 0 
158 1 262 249 10 10 -1 -1 -1 0 
158 2 196 193 8 7 -1 -1 -1 0 
159 0 251 231 7 7 -1 -1 -1 0 
159 1 262 249 10 10 -1 -1 -1 0 
159 2 196 194 8 7 -1 -1 -1 0 
160 0 252 231 7 7 -1 -1 -1 0 
160 1 262 248 9 10 -1 -1 -1 0 
160 2 197 195 8 7 -1 -1 -1 0 
161 0 253 231 8 8 -1 -1 -1 0 
161 1 262 248 8 10 -1 -1 -1 0 
161 2 197 196 9 7 -1 -1 -1 0 
162 0 255 231 7 7 -1 -1 -1 0 
162 1 262 247 9 10 -1 -1 -1 0 
162 2 198 196 8 7 -1 -1 -1 0 
163 0 256 231 7 8 -1 -1 -1 0 
163 1 261 247 9 10 -1 -1 -1 0 
163 2 198 197 9 7 -1 -1 -1 0 
164 0 257 231 9 9 -1 -1 -1 0 
164 1 261 246 9 10 -1 -1 -1 0 
164 2 199 197 7 7 -1 -1 -1 0 
165 0 259 231 8 8 -1 -1 -1 0 
165 1 260 246 9 10 -1 -1 -1 0 
165 2 200 198 7 7 -1 -1 -1 0 
166 0 261 231 7 7 -1 -1 -1 0 
166 1 260 246 9 9 -1 -1 -1 0 
166 2 201 198 7 7 -1 -1 -1 0 
167 0 262 230 8 9 -1 -1 -1 0 
167 1 260 247 8 7 -1 -1 -1 0 
167 2 201 198 8 8 -1 -1 -1 0 
168 0 264 230 8 9 -1 -1 -1 0 
168 1 260 246 7 8 -1 -1 -1 0 
168 2 201 198 9 9 -1 -1 -1 0 
169 0 266 230 8 9 -1 -1 -1 0 
169 1 258 245 9 9 -1 -1 -1 0 
169 2 203 199 8 8 -1 -1 -1 0 
170 0 268 230 8 9 -1 -1 -1 0 
170 1 258 245 8 8 -1 -1 -1 0 
170 2 203 199 9 9 -1 -1 -1 0 
171 0 270 230 8 9 -1 -1 -1 0 
171 1 257 243 9 10 -1 -1 -1 0 
171 2 204 199 9 9 -1 -1 -1 0 
172 0 271 231 9 9 -1 -1 -1 0 
172 1 256 242 9 10 -1 -1 -1 0 
172 2 207 200 7 8 -1 -1 -1 0 
173 0 272 231 9 9 -1 -1 -1 0 
173 1 255 241 10 10 -1 -1 -1 0 
173 2 207 200 9 9 -1 -1 -1 0 
174 0 273 232 9 9 -1 -1 -1 0 
174 1 255 240 9 10 -1 -1 -1 0 
174 2 209 201 7 8 -1 -1 -1 0 
175 0 274 232 9 9 -1 -1 -1 0 
175 1 255 239 8 9 -1 -1 -1 0 
175 2 210 201 9 9 -1 -1 -1 0 
176 0 274 233 9 9 -1 -1 -1 0 
176 1 254 236 10 11 -1 -1 -1 0 
176 2 212 202 8 8 -1 -1 -1 0 
177 0 275 234 7 8 -1 -1 -1 0 
177 1 254 235 10 10 -1 -1 -1 0 
177 2 213 201 9 10 -1 -1 -1 0 
178 0 274 234 9 10 -1 -1 -1 0 
178 1 254 233 10 10 -1 -1 -1 0 
178 2 215 202 9 10 -1 -1 -1 0 
179 0 274 235 9 9 -1 -1 -1 0 
179 1 254 231 10 10 -1 -1 -1 0 
179 2 216 202 10 10 -1 -1 -1 0 
180 0 275 236 7 8 -1 -1 -1 0 
180 1 255 229 9 10 -1 -1 -1 0 
180 2 218 202 9 10 -1 -1 -1 0 
181 0 273 236 10 10 -1 -1 -1 0 
181 1 255 227 10 10 -1 -1 -1 0 
181 2 219 202 10 10 -1 -1 -1 0 
182 0 273 237 9 9 -1 -1 -1 0 
182 1 256 225 9 10 -1 -1 -1 0 
182 2 221 202 9 10 -1 -1 -1 0 
183 0 274 238 7 8 -1 -1 -1 0 
183 1 257 224 9 10 -1 -1 -1 0 
183 2 222 202 10 10 -1 -1 -1 0 
184 0 272 238 9 9 -1 -1 -1 0 
184 1 258 223 10 10 -1 -1 -1 0 
184 2 223 202 10 10 -1 -1 -1 0 
185 0 273 239 7 8 -1 -1 -1 0 
185 1 260 222 9 10 -1 -1 -1 0 
185 2 225 202 9 10 -1 -1 -1 0 
186 0 270 238 10 10 -1 -1 -1 0 
186 1 261 221 9 10 -1 -1 -1 0 
186 2 226 202 10 10 -1 -1 -1 0 
187 0 269 239 10 10 -1 -1 -1 0 
187 1 262 221 9 10 -1 -1 -1 0 
187 2 227 202 10 10 -1 -1 -1 0 
188 0 269 239 9 10 -1 -1 -1 0 
188 1 264 221 9 10 -1 -1 -1 0 
188 2 229 203 9 9 -1 -1 -1 0 
189 0 267 240 9 9 -1 -1 -1 0 
189 1 265 221 9 10 -1 -1 -1 0 
189 2 231 204 8 8 -1 -1 -1 0 
190 0 267 241 7 8 -1 -1 -1 0 
190 1 266 221 9 10 -1 -1 -1 0 
190 2 232 203 9 10 -1 -1 -1 0 
191 0 265 240 9 9 -1 -1 -1 0 
191 1 268 222 8 9 -1 -1 -1 0 
191 2 233 204 10 9 -1 -1 -1 0 
192 0 264 240 9 9 -1 -1 -1 0 
192 1 270 223 7 7 -1 -1 -1 0 
192 2 236 205 7 8 -1 -1 -1 0 
193 0 263 241 7 7 -1 -1 -1 0 
193 1 271 224 7 7 -1 -1 -1 0 
193 2 237 205 9 10 -1 -1 -1 0 
194 0 262 240 7 8 -1 -1 -1 0 
194 1 272 224 8 8 -1 -1 -1 0 
194 2 239 206 9 10 -1 -1 -1 0 
195 0 259 239 10 9 -1 -1 -1 0 
195 1 272 224 10 10 -1 -1 -1 0 
195 2 241 207 9 10 -1 -1 -1 0 
196 0 259 239 8 8 -1 -1 -1 0 
196 1 273 225 10 10 -1 -1 -1 0 
196 2 243 208 8 9 -1 -1 -1 0 
197 0 257 238 10 9 -1 -1 -1 0 
197 1 273 226 10 10 -1 -1 -1 0 
197 2 244 208 10 10 -1 -1 -1 0 
198 0 258 238 7 8 -1 -1 -1 0 
198 1 274 228 10 10 -1 -1 -1 0 
198 2 246 209 9 9 -1 -1 -1 0 
199 0 256 237 9 9 -1 -1 -1 0 
199 1 275 230 8 9 -1 -1 -1 0 
199 2 248 210 7 8 -1 -1 -1 0 
200 0 256 237 8 8 -1 -1 -1 0 
200 1 274 231 10 10 -1 -1 -1 0 
200 2 248 209 10 10 -1 -1 -1 0 
201 0 255 235 10 10 -1 -1 -1 0 
201 1 275 233 8 9 -1 -1 -1 0 
201 2 250 209 9 10 -1 -1 -1 0 
202 0 256 235 8 9 -1 -1 -1 0 
202 1 273 234 11 11 -1 -1 -1 0 
202 2 251 210 9 10 -1 -1 -1 0 
203 0 255 233 10 10 -1 -1 -1 0 
203 1 273 236 10 10 -1 -1 -1 0 
203 2 252 210 9 10 -1 -1 -1 0 
204 0 255 232 9 10 -1 -1 -1 0 
204 1 272 238 10 10 -1 -1 -1 0 
204 2 254 211 8 9 -1 -1 -1 0 
205 0 255 231 9 10 -1 -1 -1 0 
205 1 271 240 9 9 -1 -1 -1 0 
205 2 255 212 8 8 -1 -1 -1 0 
206 0 255 230 9 10 -1 -1 -1 0 
206 1 269 240 10 10 -1 -1 -1 0 
206 2 255 212 9 9 -1 -1 -1 0 
207 0 254 230 9 10 -1 -1 -1 0 
207 1 268 241 10 10 -1 -1 -1 0 
207 2 257 213 7 8 -1 -1 -1 0 
208 0 254 231 8 9 -1 -1 -1 0 
208 1 267 243 8 9 -1 -1 -1 0 
208 2 258 213 8 10 -1 -1 -1 0 
209 0 254 232 7 7 -1 -1 -1 0 
209 1 265 243 9 10 -1 -1 -1 0 
209 2 259 214 8 9 -1 -1 -1 0 
210 0 253 233 7 7 -1 -1 -1 0 
210 1 264 244 8 9 -1 -1 -1 0 
210 2 260 214 7 9 -1 -1 -1 0 
211 0 252 233 7 7 -1 -1 -1 0 
211 1 262 244 10 10 -1 -1 -1 0 
211 2 261 215 7 7 -1 -1 -1 0 
212 0 252 234 6 7 -1 -1 -1 0 
212 1 261 245 8 9 -1 -1 -1 0 
212 2 261 215 8 8 -1 -1 -1 0 
213 0 250 234 7 8 -1 -1 -1 0 
213 1 259 244 10 11 -1 -1 -1 0 
213 2 263 216 7 7 -1 -1 -1 0 
214 0 249 233 8 10 -1 -1 -1 0 
214 1 259 245 9 10 -1 -1 -1 0 
214 2 263 216 8 7 -1 -1 -1 0 
215 0 247 234 9 9 -1 -1 -1 0 
215 1 258 245 9 10 -1 -1 -1 0 
215 2 264 215 9 9 -1 -1 -1 0 
216 0 246 234 9 9 -1 -1 -1 0 
216 1 257 245 9 10 -1 -1 -1 0 
216 2 265 215 9 9 -1 -1 -1 0 
217 0 246 234 7 8 -1 -1 -1 0 
217 1 256 245 8 10 -1 -1 -1 0 
217 2 266 215 8 9 -1 -1 -1 0 
218 0 244 233 8 10 -1 -1 -1 0 
218 1 255 245 10 10 -1 -1 -1 0 
218 2 268 216 7 8 -1 -1 -1 0 
219 0 242 233 9 9 -1 -1 -1 0 
219 1 254 245 10 10 -1 -1 -1 0 
219 2 268 215 9 10 -1 -1 -1 0 
220 0 241 233 9 9 -1 -1 -1 0 
220 1 254 245 10 10 -1 -1 -1 0 
220 2 269 215 10 10 -1 -1 -1 0 
221 0 242 233 6 7 -1 -1 -1 0 
221 1 254 245 9 10 -1 -1 -1 0 
221 2 270 216 10 10 -1 -1 -1 0 
222 0 241 232 7 8 -1 -1 -1 0 
222 1 254 245 8 9 -1 -1 -1 0 
222 2 271 217 10 10 -1 -1 -1 0 
223 0 240 231 9 9 -1 -1 -1 0 
223 1 253 244 9 10 -1 -1 -1 0 
223 2 272 218 9 10 -1 -1 -1 0 
224 0 240 230 8 9 -1 -1 -1 0 
224 1 252 244 10 10 -1 -1 -1 0 
224 2 272 219 10 10 -1 -1 -1 0 
225 0 241 230 7 8 -1 -1 -1 0 
225 1 252 243 10 10 -1 -1 -1 0 
225 2 273 221 9 9 -1 -1 -1 0 
226 0 241 229 7 8 -1 -1 -1 0 
226 1 252 243 10 10 -1 -1 -1 0 
226 2 274 223 8 8 -1 -1 -1 0 
227 0 240 227 9 9 -1 -1 -1 0 
227 1 252 242 10 10 -1 -1 -1 0 
227 2 273 224 9 9 -1 -1 -1 0 
228 0 241 227 8 9 -1 -1 -1 0 
228 1 252 241 10 10 -1 -1 -1 0 
228 2 274 226 7 8 -1 -1 -1 0 
229 0 242 226 7 9 -1 -1 -1 0 
229 1 252 241 10 10 -1 -1 -1 0 
229 2 273 227 9 10 -1 -1 -1 0 
230 0 242 225 8 9 -1 -1 -1 0 
230 1 252 240 10 10 -1 -1 -1 0 
230 2 273 229 9 9 -1 -1 -1 0 
231 0 243 224 8 9 -1 -1 -1 0 
231 1 253 239 9 10 -1 -1 -1 0 
231 2 272 231 9 9 -1 -1 -1 0 
232 0 244 224 8 9 -1 -1 -1 0 
232 1 254 238 8 10 -1 -1 -1 0 
232 2 273 233 7 8 -1 -1 -1 0 
233 0 245 223 8 9 -1 -1 -1 0 
233 1 254 237 9 10 -1 -1 -1 0 
233 2 271 234 9 10 -1 -1 -1 0 
234 0 246 222 7 9 -1 -1 -1 0 
234 1 255 236 8 10 -1 -1 -1 0 
234 2 271 236 8 9 -1 -1 -1 0 
235 0 246 222 9 9 -1 -1 -1 0 
235 1 255 235 9 10 -1 -1 -1 0 
235 2 270 238 9 9 -1 -1 -1 0 
236 0 247 221 8 9 -1 -1 -1 0 
236 1 256 234 8 10 -1 -1 -1 0 
236 2 271 239 7 8 -1 -1 -1 0 
237 0 248 220 8 9 -1 -1 -1 0 
237 1 256 233 9 10 -1 -1 -1 0 
237 2 270 240 9 9 -1 -1 -1 0 
238 0 256 233 8 8 -1 -1 -1 0 
238 1 249 220 8 9 -1 -1 -1 0 
238 2 270 241 9 9 -1 -1 -1 0 
239 0 257 233 9 8 -1 -1 -1 0 
239 1 249 218 8 9 -1 -1 -1 0 
239 2 272 242 7 8 -1 -1 -1 0 
240 0 258 232 7 8 -1 -1 -1 0 
240 1 250 217 7 9 -1 -1 -1 0 
240 2 271 242 10 10 -1 -1 -1 0 
