3 0 160 114 8 8 -1 -1 -1 0 
3 1 146 122 8 8 -1 -1 -1 0 
3 2 266 108 9 8 -1 -1 -1 0 
4 0 160 114 7 7 -1 -1 -1 0 
4 1 144 122 8 8 -1 -1 -1 0 
4 2 269 109 6 7 -1 -1 -1 0 
5 0 159 113 7 8 -1 -1 -1 0 
5 1 142 121 8 8 -1 -1 -1 0 
5 2 269 108 9 9 -1 -1 -1 0 
6 0 156 112 10 9 -1 -1 -1 0 
6 1 141 121 8 8 -1 -1 -1 0 
6 2 270 109 9 9 -1 -1 -1 0 
7 0 156 111 9 9 -1 -1 -1 0 
7 1 141 120 8 8 -1 -1 -1 0 
7 2 272 109 8 9 -1 -1 -1 0 
8 0 154 110 10 9 -1 -1 -1 0 
8 1 141 120 8 8 -1 -1 -1 0 
8 2 273 110 8 9 -1 -1 -1 0 
9 0 154 110 9 9 -1 -1 -1 0 
9 1 140 120 8 8 -1 -1 -1 0 
9 2 274 111 8 8 -1 -1 -1 0 
10 0 153 109 9 9 -1 -1 -1 0 
10 1 140 119 8 8 -1 -1 -1 0 
10 2 275 112 7 7 -1 -1 -1 0 
11 0 152 108 9 9 -1 -1 -1 0 
11 1 139 119 8 8 -1 -1 -1 0 
11 2 276 112 7 8 -1 -1 -1 0 
12 0 151 106 9 9 -1 -1 -1 0 
12 1 139 119 7 8 -1 -1 -1 0 
12 2 276 112 9 9 -1 -1 -1 0 
13 0 150 105 9 9 -1 -1 -1 0 
13 1 137 118 9 9 -1 -1 -1 0 
13 2 277 113 8 9 -1 -1 -1 0 
14 0 150 104 7 8 -1 -1 -1 0 
14 1 136 118 10 9 -1 -1 -1 0 
14 2 278 114 7 8 -1 -1 -1 0 
15 0 149 102 9 9 -1 -1 -1 0 
15 1 137 119 7 8 -1 -1 -1 0 
15 2 278 114 9 9 -1 -1 -1 0 
16 0 148 100 9 9 -1 -1 -1 0 
16 1 135 118 9 9 -1 -1 -1 0 
16 2 278 115 9 9 -1 -1 -1 0 
17 0 147 99 9 9 -1 -1 -1 0 
17 1 134 118 9 9 -1 -1 -1 0 
17 2 280 116 6 8 -1 -1 -1 0 
18 0 146 97 9 9 -1 -1 -1 0 
18 1 133 118 10 9 -1 -1 -1 0 
18 2 279 116 9 10 -1 -1 -1 0 
19 0 146 96 7 8 -1 -1 -1 0 
19 1 132 118 9 9 -1 -1 -1 0 
19 2 280 117 8 9 -1 -1 -1 0 
20 0 145 94 9 9 -1 -1 -1 0 
20 1 131 118 9 9 -1 -1 -1 0 
20 2 280 118 9 9 -1 -1 -1 0 
21 0 144 93 9 8 -1 -1 -1 0 
21 1 130 119 9 9 -1 -1 -1 0 
21 2 282 119 7 8 -1 -1 -1 0 
22 0 144 92 7 7 -1 -1 -1 0 
22 1 129 118 9 9 -1 -1 -1 0 
22 2 281 119 9 10 -1 -1 -1 0 
23 0 142 90 9 9 -1 -1 -1 0 
23 1 128 119 8 8 -1 -1 -1 0 
23 2 282 120 9 10 -1 -1 -1 0 
24 0 141 90 9 9 -1 -1 -1 0 
24 1 127 119 8 8 -1 -1 -1 0 
24 2 282 121 9 10 -1 -1 -1 0 
25 0 141 90 8 8 -1 -1 -1 0 
25 1 126 118 8 9 -1 -1 -1 0 
25 2 283 123 8 9 -1 -1 -1 0 
26 0 140 89 9 10 -1 -1 -1 0 
26 1 125 118 9 8 -1 -1 -1 0 
26 2 283 124 9 9 -1 -1 -1 0 
27 0 139 89 9 10 -1 -1 -1 0 
27 1 126 118 6 7 -1 -1 -1 0 
27 2 284 126 7 7 -1 -1 -1 0 
28 0 138 90 9 9 -1 -1 -1 0 
28 1 124 116 8 9 -1 -1 -1 0 
28 2 285 127 7 8 -1 -1 -1 0 
29 0 136 90 10 9 -1 -1 -1 0 
29 1 123 115 9 9 -1 -1 -1 0 
29 2 284 128 9 9 -1 -1 -1 0 
30 0 135 91 9 8 -1 -1 -1 0 
30 1 123 114 8 9 -1 -1 -1 0 
30 2 285 130 7 8 -1 -1 -1 0 
31 0 135 92 7 8 -1 -1 -1 0 
31 1 122 113 10 9 -1 -1 -1 0 
31 2 285 131 8 9 -1 -1 -1 0 
32 0 133 92 9 10 -1 -1 -1 0 
32 1 123 112 8 8 -1 -1 -1 0 
32 2 286 133 7 8 -1 -1 -1 0 
33 0 131 93 10 10 -1 -1 -1 0 
33 1 122 110 10 10 -1 -1 -1 0 
33 2 285 134 9 9 -1 -1 -1 0 
34 0 130 94 9 10 -1 -1 -1 0 
34 1 122 109 9 10 -1 -1 -1 0 
34 2 286 136 7 8 -1 -1 -1 0 
35 0 129 95 9 9 -1 -1 -1 0 
35 1 122 108 9 9 -1 -1 -1 0 
35 2 285 137 9 9 -1 -1 -1 0 
36 0 127 96 9 9 -1 -1 -1 0 
36 1 122 107 9 9 -1 -1 -1 0 
36 2 285 139 7 8 -1 -1 -1 0 
37 0 127 97 7 8 -1 -1 -1 0 
37 1 122 107 8 8 -1 -1 -1 0 
37 2 284 140 9 10 -1 -1 -1 0 
38 0 125 96 9 9 -1 -1 -1 0 
38 1 122 107 7 7 -1 -1 -1 0 
38 2 284 141 9 10 -1 -1 -1 0 
39 0 125 96 7 8 -1 -1 -1 0 
39 1 121 107 7 7 -1 -1 -1 0 
39 2 284 143 9 9 -1 -1 -1 0 
40 0 123 94 9 9 -1 -1 -1 0 
40 1 119 106 8 9 -1 -1 -1 0 
40 2 283 144 9 9 -1 -1 -1 0 
41 0 122 93 9 9 -1 -1 -1 0 
41 1 117 107 9 9 -1 -1 -1 0 
41 2 284 146 7 8 -1 -1 -1 0 
42 0 121 92 9 8 -1 -1 -1 0 
42 1 116 108 7 8 -1 -1 -1 0 
42 2 282 147 9 9 -1 -1 -1 0 
43 0 120 91 9 8 -1 -1 -1 0 
43 1 113 108 9 9 -1 -1 -1 0 
43 2 282 148 9 9 -1 -1 -1 0 
44 0 119 89 7 8 -1 -1 -1 0 
44 1 112 108 8 8 -1 -1 -1 0 
44 2 281 149 9 9 -1 -1 -1 0 
45 0 117 87 9 10 -1 -1 -1 0 
45 1 111 108 7 9 -1 -1 -1 0 
45 2 281 150 9 9 -1 -1 -1 0 
46 0 116 86 9 10 -1 -1 -1 0 
46 1 107 107 10 11 -1 -1 -1 0 
46 2 281 151 7 8 -1 -1 -1 0 
47 0 115 85 9 10 -1 -1 -1 0 
47 1 105 108 10 10 -1 -1 -1 0 
47 2 280 151 9 9 -1 -1 -1 0 
48 0 113 84 10 10 -1 -1 -1 0 
48 1 103 108 10 10 -1 -1 -1 0 
48 2 280 152 7 8 -1 -1 -1 0 
49 0 113 84 8 9 -1 -1 -1 0 
49 1 101 108 10 10 -1 -1 -1 0 
49 2 279 152 9 10 -1 -1 -1 0 
50 0 111 83 11 10 -1 -1 -1 0 
50 1 99 108 10 10 -1 -1 -1 0 
50 2 279 153 8 9 -1 -1 -1 0 
51 0 112 83 8 9 -1 -1 -1 0 
51 1 98 108 10 10 -1 -1 -1 0 
51 2 279 154 7 8 -1 -1 -1 0 
52 0 110 82 10 11 -1 -1 -1 0 
52 1 97 108 10 10 -1 -1 -1 0 
52 2 278 154 9 9 -1 -1 -1 0 
53 0 108 82 11 10 -1 -1 -1 0 
53 1 96 108 10 10 -1 -1 -1 0 
53 2 278 155 8 9 -1 -1 -1 0 
54 0 108 82 10 10 -1 -1 -1 0 
54 1 96 108 9 10 -1 -1 -1 0 
54 2 278 155 7 9 -1 -1 -1 0 
55 0 107 82 10 10 -1 -1 -1 0 
55 1 95 108 10 10 -1 -1 -1 0 
55 2 277 156 9 9 -1 -1 -1 0 
56 0 106 82 11 10 -1 -1 -1 0 
56 1 96 108 9 9 -1 -1 -1 0 
56 2 277 156 8 9 -1 -1 -1 0 
57 0 105 82 10 10 -1 -1 -1 0 
57 1 97 109 7 7 -1 -1 -1 0 
57 2 277 157 7 9 -1 -1 -1 0 
58 0 104 83 10 9 -1 -1 -1 0 
58 1 97 108 8 8 -1 -1 -1 0 
58 2 276 158 8 9 -1 -1 -1 0 
59 0 103 83 10 10 -1 -1 -1 0 
59 1 97 107 10 10 -1 -1 -1 0 
59 2 276 158 7 9 -1 -1 -1 0 
60 0 102 83 10 10 -1 -1 -1 0 
60 1 97 107 10 10 -1 -1 -1 0 
60 2 275 159 8 9 -1 -1 -1 0 
61 0 101 83 9 10 -1 -1 -1 0 
61 1 99 107 8 9 -1 -1 -1 0 
61 2 275 160 7 9 -1 -1 -1 0 
62 0 99 84 10 9 -1 -1 -1 0 
62 1 98 107 10 10 -1 -1 -1 0 
62 2 274 161 7 8 -1 -1 -1 0 
63 0 99 85 7 8 -1 -1 -1 0 
63 1 99 107 10 9 -1 -1 -1 0 
63 2 272 161 9 10 -1 -1 -1 0 
64 0 96 85 10 9 -1 -1 -1 0 
64 1 101 107 8 8 -1 -1 -1 0 
64 2 272 162 8 9 -1 -1 -1 0 
65 0 95 85 9 10 -1 -1 -1 0 
65 1 101 106 10 10 -1 -1 -1 0 
65 2 271 163 8 9 -1 -1 -1 0 
66 0 93 86 10 10 -1 -1 -1 0 
66 1 103 106 8 9 -1 -1 -1 0 
66 2 271 165 7 7 -1 -1 -1 0 
67 0 93 87 8 9 -1 -1 -1 0 
67 1 102 105 10 10 -1 -1 -1 0 
67 2 270 166 7 7 -1 -1 -1 0 
68 0 90 87 10 10 -1 -1 -1 0 
68 1 104 105 9 10 -1 -1 -1 0 
68 2 268 167 8 7 -1 -1 -1 0 
69 0 89 88 10 10 -1 -1 -1 0 
69 1 105 105 9 9 -1 -1 -1 0 
69 2 267 168 8 8 -1 -1 -1 0 
70 0 89 89 8 9 -1 -1 -1 0 
70 1 107 106 7 8 -1 -1 -1 0 
70 2 267 170 6 6 -1 -1 -1 0 
71 0 87 89 10 10 -1 -1 -1 0 
71 1 107 105 9 9 -1 -1 -1 0 
71 2 265 171 7 7 -1 -1 -1 0 
72 0 85 90 10 10 -1 -1 -1 0 
72 1 108 106 8 7 -1 -1 -1 0 
72 2 263 171 9 9 -1 -1 -1 0 
73 0 85 91 8 9 -1 -1 -1 0 
73 1 110 106 7 7 -1 -1 -1 0 
73 2 262 172 9 9 -1 -1 -1 0 
74 0 83 91 11 11 -1 -1 -1 0 
74 1 111 105 8 8 -1 -1 -1 0 
74 2 261 174 9 8 -1 -1 -1 0 
75 0 82 92 10 11 -1 -1 -1 0 
75 1 111 104 10 9 -1 -1 -1 0 
75 2 261 175 7 7 -1 -1 -1 0 
76 0 81 93 11 11 -1 -1 -1 0 
76 1 113 104 8 8 -1 -1 -1 0 
76 2 260 175 9 9 -1 -1 -1 0 
77 0 81 95 10 10 -1 -1 -1 0 
77 1 113 103 10 9 -1 -1 -1 0 
77 2 259 176 9 9 -1 -1 -1 0 
78 0 80 96 10 10 -1 -1 -1 0 
78 1 115 103 7 8 -1 -1 -1 0 
78 2 259 178 8 8 -1 -1 -1 0 
79 0 80 98 10 9 -1 -1 -1 0 
79 1 115 102 9 9 -1 -1 -1 0 
79 2 259 180 7 6 -1 -1 -1 0 
80 0 80 99 11 10 -1 -1 -1 0 
80 1 116 101 8 8 -1 -1 -1 0 
80 2 258 180 7 7 -1 -1 -1 0 
81 0 80 101 10 9 -1 -1 -1 0 
81 1 115 99 10 10 -1 -1 -1 0 
81 2 257 180 9 9 -1 -1 -1 0 
82 0 80 102 10 10 -1 -1 -1 0 
82 1 115 98 10 10 -1 -1 -1 0 
82 2 257 181 9 8 -1 -1 -1 0 
83 0 80 103 11 11 -1 -1 -1 0 
83 1 115 97 9 9 -1 -1 -1 0 
83 2 256 182 9 8 -1 -1 -1 0 
84 0 80 104 12 11 -1 -1 -1 0 
84 1 115 96 9 9 -1 -1 -1 0 
84 2 257 183 7 7 -1 -1 -1 0 
85 0 81 106 10 10 -1 -1 -1 0 
85 1 115 96 8 7 -1 -1 -1 0 
85 2 256 183 9 9 -1 -1 -1 0 
86 0 81 106 11 12 -1 -1 -1 0 
86 1 114 94 8 8 -1 -1 -1 0 
86 2 255 183 9 9 -1 -1 -1 0 
87 0 82 108 11 11 -1 -1 -1 0 
87 1 112 92 10 10 -1 -1 -1 0 
87 2 255 184 9 9 -1 -1 -1 0 
88 0 83 109 11 11 -1 -1 -1 0 
88 1 111 91 11 10 -1 -1 -1 0 
88 2 256 185 7 8 -1 -1 -1 0 
89 0 84 110 11 11 -1 -1 -1 0 
89 1 111 90 10 10 -1 -1 -1 0 
89 2 254 185 9 9 -1 -1 -1 0 
90 0 86 112 10 11 -1 -1 -1 0 
90 1 110 89 9 10 -1 -1 -1 0 
90 2 254 186 9 9 -1 -1 -1 0 
91 0 88 114 10 10 -1 -1 -1 0 
91 1 108 89 10 10 -1 -1 -1 0 
91 2 253 186 9 9 -1 -1 -1 0 
92 0 91 115 8 9 -1 -1 -1 0 
92 1 107 88 10 10 -1 -1 -1 0 
92 2 253 187 9 9 -1 -1 -1 0 
93 0 92 116 10 10 -1 -1 -1 0 
93 1 105 88 10 9 -1 -1 -1 0 
93 2 253 188 8 8 -1 -1 -1 0 
94 0 95 118 8 8 -1 -1 -1 0 
94 1 104 88 8 8 -1 -1 -1 0 
94 2 253 189 7 7 -1 -1 -1 0 
95 0 97 118 8 8 -1 -1 -1 0 
95 1 102 87 9 9 -1 -1 -1 0 
95 2 251 189 9 8 -1 -1 -1 0 
96 0 99 119 8 8 -1 -1 -1 0 
96 1 101 87 7 8 -1 -1 -1 0 
96 2 252 190 7 7 -1 -1 -1 0 
97 0 101 119 8 8 -1 -1 -1 0 
97 1 98 86 9 10 -1 -1 -1 0 
97 2 250 190 10 9 -1 -1 -1 0 
98 0 102 119 8 8 -1 -1 -1 0 
98 1 96 86 9 9 -1 -1 -1 0 
98 2 250 190 9 9 -1 -1 -1 0 
99 0 104 119 7 8 -1 -1 -1 0 
99 1 94 86 10 9 -1 -1 -1 0 
99 2 249 191 9 9 -1 -1 -1 0 
100 0 105 118 8 8 -1 -1 -1 0 
100 1 93 87 8 8 -1 -1 -1 0 
100 2 249 192 9 9 -1 -1 -1 0 
101 0 106 117 8 8 -1 -1 -1 0 
101 1 91 86 10 10 -1 -1 -1 0 
101 2 248 193 9 9 -1 -1 -1 0 
102 0 108 116 8 9 -1 -1 -1 0 
102 1 90 87 10 9 -1 -1 -1 0 
102 2 247 194 9 8 -1 -1 -1 0 
103 0 108 115 9 10 -1 -1 -1 0 
103 1 90 88 8 8 -1 -1 -1 0 
103 2 248 196 7 6 -1 -1 -1 0 
104 0 109 114 9 9 -1 -1 -1 0 
104 1 88 88 11 10 -1 -1 -1 0 
104 2 247 197 7 6 -1 -1 -1 0 
105 0 111 113 7 8 -1 -1 -1 0 
105 1 88 89 10 10 -1 -1 -1 0 
105 2 246 198 7 6 -1 -1 -1 0 
106 0 111 112 8 9 -1 -1 -1 0 
106 1 88 91 10 10 -1 -1 -1 0 
106 2 246 199 6 7 -1 -1 -1 0 
107 0 111 110 10 10 -1 -1 -1 0 
107 1 88 92 10 10 -1 -1 -1 0 
107 2 244 199 9 9 -1 -1 -1 0 
108 0 112 108 10 10 -1 -1 -1 0 
108 1 88 93 10 10 -1 -1 -1 0 
108 2 243 200 9 9 -1 -1 -1 0 
109 0 113 107 8 9 -1 -1 -1 0 
109 1 88 95 10 9 -1 -1 -1 0 
109 2 243 201 8 9 -1 -1 -1 0 
110 0 112 105 10 10 -1 -1 -1 0 
110 1 89 97 8 8 -1 -1 -1 0 
110 2 242 203 8 8 -1 -1 -1 0 
111 0 112 104 10 10 -1 -1 -1 0 
111 1 88 97 10 10 -1 -1 -1 0 
111 2 242 205 7 6 -1 -1 -1 0 
112 0 112 102 10 10 -1 -1 -1 0 
112 1 88 99 10 10 -1 -1 -1 0 
112 2 241 206 7 7 -1 -1 -1 0 
113 0 113 101 9 9 -1 -1 -1 0 
113 1 88 100 10 10 -1 -1 -1 0 
113 2 239 206 9 9 -1 -1 -1 0 
114 0 113 100 8 8 -1 -1 -1 0 
114 1 88 102 11 9 -1 -1 -1 0 
114 2 239 207 8 9 -1 -1 -1 0 
115 0 112 97 10 10 -1 -1 -1 0 
115 1 90 104 8 8 -1 -1 -1 0 
115 2 238 208 9 9 -1 -1 -1 0 
116 0 112 96 10 10 -1 -1 -1 0 
116 1 89 105 10 10 -1 -1 -1 0 
116 2 237 209 9 8 -1 -1 -1 0 
117 0 112 94 10 10 -1 -1 -1 0 
117 1 89 107 9 9 -1 -1 -1 0 
117 2 238 211 6 7 -1 -1 -1 0 
118 0 112 93 10 10 -1 -1 -1 0 
118 1 89 108 11 10 -1 -1 -1 0 
118 2 236 211 9 9 -1 -1 -1 0 
119 0 112 91 10 10 -1 -1 -1 0 
119 1 90 111 9 9 -1 -1 -1 0 
119 2 236 212 8 8 -1 -1 -1 0 
120 0 112 90 10 10 -1 -1 -1 0 
120 1 89 112 11 10 -1 -1 -1 0 
120 2 236 213 6 7 -1 -1 -1 0 
121 0 112 89 9 9 -1 -1 -1 0 
121 1 90 114 10 10 -1 -1 -1 0 
121 2 234 213 9 9 -1 -1 -1 0 
122 0 111 87 10 11 -1 -1 -1 0 
122 1 91 115 9 10 -1 -1 -1 0 
122 2 234 214 9 8 -1 -1 -1 0 
123 0 110 86 10 11 -1 -1 -1 0 
123 1 91 117 10 9 -1 -1 -1 0 
123 2 234 215 7 7 -1 -1 -1 0 
124 0 110 86 10 10 -1 -1 -1 0 
124 1 93 118 7 8 -1 -1 -1 0 
124 2 232 215 9 9 -1 -1 -1 0 
125 0 109 85 10 10 -1 -1 -1 0 
125 1 92 118 10 10 -1 -1 -1 0 
125 2 232 216 9 8 -1 -1 -1 0 
126 0 109 85 9 9 -1 -1 -1 0 
126 1 93 119 9 9 -1 -1 -1 0 
126 2 233 217 6 7 -1 -1 -1 0 
127 0 107 85 9 9 -1 -1 -1 0 
127 1 94 120 8 8 -1 -1 -1 0 
127 2 231 217 9 9 -1 -1 -1 0 
128 0 107 85 7 9 -1 -1 -1 0 
128 1 94 119 9 10 -1 -1 -1 0 
128 2 231 218 8 9 -1 -1 -1 0 
129 0 104 84 10 10 -1 -1 -1 0 
129 1 94 119 10 10 -1 -1 -1 0 
129 2 230 219 9 8 -1 -1 -1 0 
130 0 103 84 9 9 -1 -1 -1 0 
130 1 95 119 10 10 -1 -1 -1 0 
130 2 230 220 8 8 -1 -1 -1 0 
131 0 101 83 9 10 -1 -1 -1 0 
131 1 96 119 9 10 -1 -1 -1 0 
131 2 230 222 7 6 -1 -1 -1 0 
132 0 99 83 10 10 -1 -1 -1 0 
132 1 97 119 9 9 -1 -1 -1 0 
132 2 230 222 7 7 -1 -1 -1 0 
133 0 97 83 10 10 -1 -1 -1 0 
133 1 98 119 7 8 -1 -1 -1 0 
133 2 229 222 8 9 -1 -1 -1 0 
134 0 95 83 10 10 -1 -1 -1 0 
134 1 97 117 10 10 -1 -1 -1 0 
134 2 228 223 9 9 -1 -1 -1 0 
135 0 95 84 7 9 -1 -1 -1 0 
135 1 98 116 10 10 -1 -1 -1 0 
135 2 228 224 9 9 -1 -1 -1 0 
136 0 92 84 10 10 -1 -1 -1 0 
136 1 99 116 9 9 -1 -1 -1 0 
136 2 227 226 9 8 -1 -1 -1 0 
137 0 91 85 10 10 -1 -1 -1 0 
137 1 101 116 7 7 -1 -1 -1 0 
137 2 228 228 7 7 -1 -1 -1 0 
138 0 90 86 9 10 -1 -1 -1 0 
138 1 101 114 8 8 -1 -1 -1 0 
138 2 227 228 8 9 -1 -1 -1 0 
139 0 89 88 9 9 -1 -1 -1 0 
139 1 101 112 9 9 -1 -1 -1 0 
139 2 226 229 9 9 -1 -1 -1 0 
140 0 87 89 10 10 -1 -1 -1 0 
140 1 102 111 8 8 -1 -1 -1 0 
140 2 226 231 9 8 -1 -1 -1 0 
141 0 88 91 8 9 -1 -1 -1 0 
141 1 102 108 10 10 -1 -1 -1 0 
141 2 227 233 6 7 -1 -1 -1 0 
142 0 86 92 10 11 -1 -1 -1 0 
142 1 103 107 9 9 -1 -1 -1 0 
142 2 225 233 9 9 -1 -1 -1 0 
143 0 85 95 10 9 -1 -1 -1 0 
143 1 104 106 8 8 -1 -1 -1 0 
143 2 224 235 9 9 -1 -1 -1 0 
144 0 85 97 9 8 -1 -1 -1 0 
144 1 104 104 9 9 -1 -1 -1 0 
144 2 224 236 9 9 -1 -1 -1 0 
145 0 83 98 11 10 -1 -1 -1 0 
145 1 105 103 8 8 -1 -1 -1 0 
145 2 224 238 8 8 -1 -1 -1 0 
146 0 83 100 10 10 -1 -1 -1 0 
146 1 105 101 9 9 -1 -1 -1 0 
146 2 224 239 7 7 -1 -1 -1 0 
147 0 82 101 11 10 -1 -1 -1 0 
147 1 107 101 7 8 -1 -1 -1 0 
147 2 222 240 9 9 -1 -1 -1 0 
148 0 81 103 11 10 -1 -1 -1 0 
148 1 106 99 10 10 -1 -1 -1 0 
148 2 222 241 9 9 -1 -1 -1 0 
149 0 82 105 9 9 -1 -1 -1 0 
149 1 107 98 10 10 -1 -1 -1 0 
149 2 221 242 9 9 -1 -1 -1 0 
150 0 79 105 11 11 -1 -1 -1 0 
150 1 107 98 11 9 -1 -1 -1 0 
150 2 221 243 8 9 -1 -1 -1 0 
151 0 79 107 10 10 -1 -1 -1 0 
151 1 109 98 8 8 -1 -1 -1 0 
151 2 220 245 9 8 -1 -1 -1 0 
152 0 78 107 11 12 -1 -1 -1 0 
152 1 109 97 10 9 -1 -1 -1 0 
152 2 221 246 6 7 -1 -1 -1 0 
153 0 77 109 11 11 -1 -1 -1 0 
153 1 110 96 10 9 -1 -1 -1 0 
153 2 219 246 9 9 -1 -1 -1 0 
154 0 77 110 11 11 -1 -1 -1 0 
154 1 111 96 8 8 -1 -1 -1 0 
154 2 218 247 9 9 -1 -1 -1 0 
155 0 77 111 11 11 -1 -1 -1 0 
155 1 110 95 10 10 -1 -1 -1 0 
155 2 218 248 8 9 -1 -1 -1 0 
156 0 77 112 11 11 -1 -1 -1 0 
156 1 110 95 10 9 -1 -1 -1 0 
156 2 217 249 9 9 -1 -1 -1 0 
157 0 77 112 11 11 -1 -1 -1 0 
157 1 110 95 10 9 -1 -1 -1 0 
157 2 216 250 9 9 -1 -1 -1 0 
158 0 77 113 11 11 -1 -1 -1 0 
158 1 111 95 8 8 -1 -1 -1 0 
158 2 216 250 8 9 -1 -1 -1 0 
159 0 78 114 11 11 -1 -1 -1 0 
159 1 110 95 8 8 -1 -1 -1 0 
159 2 215 251 8 9 -1 -1 -1 0 
160 0 78 114 11 11 -1 -1 -1 0 
160 1 109 95 8 8 -1 -1 -1 0 
160 2 214 252 9 9 -1 -1 -1 0 
161 0 79 115 10 10 -1 -1 -1 0 
161 1 107 95 11 10 -1 -1 -1 0 
161 2 213 253 9 8 -1 -1 -1 0 
162 0 80 116 9 9 -1 -1 -1 0 
162 1 107 95 10 10 -1 -1 -1 0 
162 2 213 254 7 7 -1 -1 -1 0 
163 0 80 115 11 11 -1 -1 -1 0 
163 1 106 95 10 10 -1 -1 -1 0 
163 2 211 254 9 9 -1 -1 -1 0 
164 0 81 116 11 11 -1 -1 -1 0 
164 1 105 96 10 10 -1 -1 -1 0 
164 2 211 254 8 9 -1 -1 -1 0 
165 0 82 116 11 11 -1 -1 -1 0 
165 1 104 97 10 10 -1 -1 -1 0 
165 2 210 255 8 9 -1 -1 -1 0 
166 0 83 117 11 11 -1 -1 -1 0 
166 1 103 97 10 10 -1 -1 -1 0 
166 2 209 256 8 8 -1 -1 -1 0 
167 0 85 118 11 10 -1 -1 -1 0 
167 1 102 98 10 10 -1 -1 -1 0 
167 2 209 257 7 7 -1 -1 -1 0 
168 0 87 119 9 9 -1 -1 -1 0 
168 1 101 99 9 10 -1 -1 -1 0 
168 2 207 257 8 8 -1 -1 -1 0 
169 0 88 118 11 11 -1 -1 -1 0 
169 1 99 100 9 10 -1 -1 -1 0 
169 2 207 258 6 7 -1 -1 -1 0 
170 0 90 118 10 11 -1 -1 -1 0 
170 1 98 101 9 10 -1 -1 -1 0 
170 2 205 258 9 8 -1 -1 -1 0 
171 0 92 119 10 10 -1 -1 -1 0 
171 1 97 102 8 9 -1 -1 -1 0 
171 2 204 259 8 7 -1 -1 -1 0 
172 0 94 120 10 9 -1 -1 -1 0 
172 1 96 104 7 7 -1 -1 -1 0 
172 2 203 258 9 9 -1 -1 -1 0 
173 0 97 121 8 7 -1 -1 -1 0 
173 1 95 105 7 7 -1 -1 -1 0 
173 2 201 259 9 9 -1 -1 -1 0 
174 0 99 121 7 7 -1 -1 -1 0 
174 1 94 105 7 7 -1 -1 -1 0 
174 2 200 259 9 9 -1 -1 -1 0 
175 0 101 121 7 8 -1 -1 -1 0 
175 1 93 105 7 7 -1 -1 -1 0 
175 2 199 260 9 9 -1 -1 -1 0 
176 0 102 121 8 8 -1 -1 -1 0 
176 1 92 105 8 7 -1 -1 -1 0 
176 2 198 260 9 9 -1 -1 -1 0 
177 0 103 120 10 10 -1 -1 -1 0 
177 1 92 105 7 7 -1 -1 -1 0 
177 2 197 260 9 9 -1 -1 -1 0 
178 0 105 120 10 10 -1 -1 -1 0 
178 1 91 104 7 7 -1 -1 -1 0 
178 2 196 261 9 8 -1 -1 -1 0 
179 0 107 120 10 10 -1 -1 -1 0 
179 1 90 103 8 8 -1 -1 -1 0 
179 2 196 262 7 7 -1 -1 -1 0 
180 0 108 120 11 10 -1 -1 -1 0 
180 1 88 100 10 10 -1 -1 -1 0 
180 2 194 261 9 9 -1 -1 -1 0 
181 0 111 120 10 10 -1 -1 -1 0 
181 1 87 99 10 10 -1 -1 -1 0 
181 2 193 262 9 9 -1 -1 -1 0 
182 0 112 120 10 10 -1 -1 -1 0 
182 1 85 97 10 10 -1 -1 -1 0 
182 2 192 262 9 9 -1 -1 -1 0 
183 0 115 120 9 10 -1 -1 -1 0 
183 1 85 96 9 9 -1 -1 -1 0 
183 2 191 263 9 8 -1 -1 -1 0 
184 0 117 120 8 9 -1 -1 -1 0 
184 1 83 94 11 10 -1 -1 -1 0 
184 2 191 264 6 7 -1 -1 -1 0 
185 0 117 119 10 10 -1 -1 -1 0 
185 1 83 93 10 10 -1 -1 -1 0 
185 2 189 263 9 9 -1 -1 -1 0 
186 0 118 118 10 10 -1 -1 -1 0 
186 1 83 92 10 10 -1 -1 -1 0 
186 2 188 264 9 8 -1 -1 -1 0 
187 0 119 117 10 10 -1 -1 -1 0 
187 1 83 92 10 10 -1 -1 -1 0 
187 2 188 265 7 7 -1 -1 -1 0 
188 0 121 117 8 9 -1 -1 -1 0 
188 1 83 91 10 10 -1 -1 -1 0 
188 2 186 264 9 9 -1 -1 -1 0 
189 0 121 115 10 10 -1 -1 -1 0 
189 1 85 91 8 9 -1 -1 -1 0 
189 2 185 264 9 9 -1 -1 -1 0 
190 0 122 114 9 10 -1 -1 -1 0 
190 1 85 90 10 10 -1 -1 -1 0 
190 2 185 265 7 8 -1 -1 -1 0 
191 0 123 113 9 10 -1 -1 -1 0 
191 1 87 91 8 9 -1 -1 -1 0 
191 2 183 265 9 9 -1 -1 -1 0 
192 0 123 112 10 10 -1 -1 -1 0 
192 1 87 91 10 10 -1 -1 -1 0 
192 2 182 265 9 9 -1 -1 -1 0 
193 0 124 111 9 10 -1 -1 -1 0 
193 1 88 91 10 10 -1 -1 -1 0 
193 2 182 266 7 8 -1 -1 -1 0 
194 0 125 110 9 10 -1 -1 -1 0 
194 1 89 91 10 10 -1 -1 -1 0 
194 2 180 265 9 9 -1 -1 -1 0 
195 0 126 109 8 10 -1 -1 -1 0 
195 1 91 91 10 10 -1 -1 -1 0 
195 2 179 265 9 9 -1 -1 -1 0 
