3 0 82 189 13 13 -1 -1 -1 0 
3 1 239 113 15 13 -1 -1 -1 0 
3 2 101 7 12 11 -1 -1 -1 0 
3 3 101 20 13 12 -1 -1 -1 0 
4 0 82 189 12 13 -1 -1 -1 0 
4 1 240 112 13 13 -1 -1 -1 0 
4 2 100 5 12 12 -1 -1 -1 0 
4 3 102 20 11 12 -1 -1 -1 0 
5 0 82 188 14 13 -1 -1 -1 0 
5 1 239 113 14 13 -1 -1 -1 0 
5 2 100 4 12 12 -1 -1 -1 0 
5 3 101 20 14 13 -1 -1 -1 0 
6 0 83 189 12 12 -1 -1 -1 0 
6 1 241 113 15 14 -1 -1 -1 0 
6 2 97 5 14 12 -1 -1 -1 0 
6 3 102 20 13 13 -1 -1 -1 0 
7 0 82 188 14 14 -1 -1 -1 0 
7 1 240 112 14 14 -1 -1 -1 0 
7 2 98 6 13 12 -1 -1 -1 0 
7 3 102 20 12 12 -1 -1 -1 0 
8 0 83 188 13 14 -1 -1 -1 0 
8 1 241 113 12 13 -1 -1 -1 0 
8 2 98 8 13 10 -1 -1 -1 0 
8 3 102 20 12 12 -1 -1 -1 0 
9 0 82 189 11 13 -1 -1 -1 0 
9 1 239 113 16 15 -1 -1 -1 0 
9 2 98 9 12 9 -1 -1 -1 0 
9 3 99 18 14 13 -1 -1 -1 0 
10 0 81 188 14 14 -1 -1 -1 0 
10 1 239 114 15 14 -1 -1 -1 0 
10 3 99 21 14 12 -1 -1 -1 0 
11 0 82 188 13 13 -1 -1 -1 0 
11 1 240 114 14 14 -1 -1 -1 0 
11 3 99 23 14 12 -1 -1 -1 0 
12 0 82 189 11 12 -1 -1 -1 0 
12 1 239 113 15 14 -1 -1 -1 0 
12 3 99 24 13 12 -1 -1 -1 0 
12 5 99 5 14 12 -1 -1 -1 0 
13 0 81 188 14 14 -1 -1 -1 0 
13 1 239 114 15 14 -1 -1 -1 0 
13 3 100 25 12 12 -1 -1 -1 0 
13 5 99 6 14 12 -1 -1 -1 0 
14 0 82 189 12 13 -1 -1 -1 0 
14 1 240 115 12 13 -1 -1 -1 0 
14 3 99 25 13 13 -1 -1 -1 0 
14 5 101 6 12 13 -1 -1 -1 0 
15 0 81 189 14 14 -1 -1 -1 0 
15 1 239 115 15 13 -1 -1 -1 0 
15 2 102 8 12 11 -1 -1 -1 0 
15 3 97 25 14 12 -1 -1 -1 0 
16 0 82 188 14 14 -1 -1 -1 0 
16 1 240 115 13 12 -1 -1 -1 0 
16 2 99 7 13 13 -1 -1 -1 0 
16 3 97 24 13 12 -1 -1 -1 0 
17 0 81 188 14 14 -1 -1 -1 0 
17 1 238 114 15 14 -1 -1 -1 0 
17 2 98 8 15 12 -1 -1 -1 0 
17 3 98 24 11 11 -1 -1 -1 0 
18 0 81 188 15 14 -1 -1 -1 0 
18 1 239 114 14 14 -1 -1 -1 0 
18 2 99 9 12 12 -1 -1 -1 0 
18 3 98 24 11 12 -1 -1 -1 0 
19 0 84 190 13 13 -1 -1 -1 0 
19 1 233 126 15 13 -1 -1 -1 0 
19 2 98 9 14 13 -1 -1 -1 0 
19 3 97 24 12 13 -1 -1 -1 0 
20 0 83 190 15 15 -1 -1 -1 0 
20 1 233 127 13 12 -1 -1 -1 0 
20 3 100 18 14 13 -1 -1 -1 0 
20 5 87 12 13 11 -1 -1 -1 0 
21 0 84 190 14 12 -1 -1 -1 0 
21 1 234 127 12 13 -1 -1 -1 0 
21 2 87 11 13 12 -1 -1 -1 0 
21 3 100 17 13 13 -1 -1 -1 0 
22 0 84 190 12 13 -1 -1 -1 0 
22 1 233 125 14 14 -1 -1 -1 0 
22 2 86 12 12 12 -1 -1 -1 0 
22 3 99 18 14 12 -1 -1 -1 0 
23 0 83 189 15 15 -1 -1 -1 0 
23 1 232 126 14 14 -1 -1 -1 0 
23 3 100 18 12 12 -1 -1 -1 0 
23 5 88 12 12 11 -1 -1 -1 0 
24 0 83 189 15 15 -1 -1 -1 0 
24 1 232 127 14 12 -1 -1 -1 0 
24 2 88 13 12 12 -1 -1 -1 0 
24 3 100 18 12 14 -1 -1 -1 0 
25 0 83 190 14 13 -1 -1 -1 0 
25 1 233 126 14 14 -1 -1 -1 0 
25 2 89 12 11 12 -1 -1 -1 0 
25 3 100 20 13 13 -1 -1 -1 0 
26 0 84 191 13 12 -1 -1 -1 0 
26 1 232 126 14 15 -1 -1 -1 0 
26 2 88 12 13 12 -1 -1 -1 0 
26 3 99 20 13 12 -1 -1 -1 0 
27 0 83 190 14 13 -1 -1 -1 0 
27 1 233 127 14 14 -1 -1 -1 0 
27 2 88 12 13 12 -1 -1 -1 0 
27 3 99 19 13 13 -1 -1 -1 0 
28 0 83 190 14 13 -1 -1 -1 0 
28 1 233 126 15 14 -1 -1 -1 0 
28 2 88 11 13 12 -1 -1 -1 0 
28 3 99 19 13 13 -1 -1 -1 0 
29 0 84 191 12 12 -1 -1 -1 0 
29 1 233 126 15 14 -1 -1 -1 0 
29 2 88 12 13 11 -1 -1 -1 0 
29 3 99 20 13 12 -1 -1 -1 0 
30 0 83 190 14 13 -1 -1 -1 0 
30 1 234 126 16 14 -1 -1 -1 0 
30 2 88 13 12 11 -1 -1 -1 0 
30 3 99 20 13 12 -1 -1 -1 0 
31 0 84 192 13 12 -1 -1 -1 0 
31 1 234 126 14 13 -1 -1 -1 0 
31 2 91 12 12 11 -1 -1 -1 0 
31 3 100 20 14 13 -1 -1 -1 0 
32 0 84 190 14 14 -1 -1 -1 0 
32 1 234 127 14 13 -1 -1 -1 0 
32 2 90 12 13 12 -1 -1 -1 0 
32 3 101 20 13 13 -1 -1 -1 0 
33 0 84 191 12 13 -1 -1 -1 0 
33 1 233 126 14 13 -1 -1 -1 0 
33 2 90 12 13 12 -1 -1 -1 0 
33 3 102 20 12 12 -1 -1 -1 0 
34 0 83 191 14 13 -1 -1 -1 0 
34 1 234 126 13 13 -1 -1 -1 0 
34 2 90 13 13 12 -1 -1 -1 0 
34 3 102 20 12 13 -1 -1 -1 0 
35 0 83 190 14 13 -1 -1 -1 0 
35 1 233 127 14 13 -1 -1 -1 0 
35 2 90 12 13 12 -1 -1 -1 0 
35 3 101 20 13 13 -1 -1 -1 0 
36 0 85 191 11 12 -1 -1 -1 0 
36 1 234 127 11 12 -1 -1 -1 0 
36 2 89 11 13 12 -1 -1 -1 0 
36 3 100 20 14 13 -1 -1 -1 0 
37 0 83 190 14 13 -1 -1 -1 0 
37 1 233 125 14 14 -1 -1 -1 0 
37 2 89 10 12 12 -1 -1 -1 0 
37 3 100 21 13 12 -1 -1 -1 0 
38 0 84 191 12 12 -1 -1 -1 0 
38 1 233 126 13 13 -1 -1 -1 0 
38 3 101 22 11 11 -1 -1 -1 0 
38 5 90 11 13 12 -1 -1 -1 0 
39 0 83 190 17 14 -1 -1 -1 0 
39 1 234 127 12 12 -1 -1 -1 0 
39 2 91 11 13 12 -1 -1 -1 0 
39 3 99 22 14 12 -1 -1 -1 0 
40 0 83 190 14 14 -1 -1 -1 0 
40 1 234 126 14 13 -1 -1 -1 0 
40 2 91 12 13 12 -1 -1 -1 0 
40 3 100 22 12 12 -1 -1 -1 0 
41 0 84 191 13 13 -1 -1 -1 0 
41 1 232 125 15 15 -1 -1 -1 0 
41 2 91 11 13 12 -1 -1 -1 0 
41 3 102 22 12 11 -1 -1 -1 0 
42 0 84 191 14 12 -1 -1 -1 0 
42 1 232 125 15 15 -1 -1 -1 0 
42 2 92 12 11 11 -1 -1 -1 0 
42 3 101 21 13 12 -1 -1 -1 0 
43 0 84 192 12 11 -1 -1 -1 0 
43 1 233 125 14 14 -1 -1 -1 0 
43 2 90 11 13 12 -1 -1 -1 0 
43 3 100 20 14 13 -1 -1 -1 0 
44 0 84 191 14 13 -1 -1 -1 0 
44 1 232 125 15 14 -1 -1 -1 0 
44 2 91 12 11 10 -1 -1 -1 0 
44 3 101 20 13 13 -1 -1 -1 0 
45 0 84 191 14 13 -1 -1 -1 0 
45 1 233 126 14 13 -1 -1 -1 0 
45 2 91 11 11 11 -1 -1 -1 0 
45 3 100 20 13 13 -1 -1 -1 0 
46 0 83 191 14 13 -1 -1 -1 0 
46 1 233 125 15 13 -1 -1 -1 0 
46 2 89 10 13 12 -1 -1 -1 0 
46 3 99 20 13 13 -1 -1 -1 0 
47 0 83 191 14 13 -1 -1 -1 0 
47 1 233 126 13 12 -1 -1 -1 0 
47 2 90 10 11 11 -1 -1 -1 0 
47 3 99 21 13 12 -1 -1 -1 0 
48 0 84 191 12 12 -1 -1 -1 0 
48 1 235 126 11 12 -1 -1 -1 0 
48 2 90 11 12 11 -1 -1 -1 0 
48 3 99 22 13 12 -1 -1 -1 0 
49 0 84 191 14 13 -1 -1 -1 0 
49 1 233 125 15 14 -1 -1 -1 0 
49 2 90 11 11 11 -1 -1 -1 0 
49 3 99 22 13 12 -1 -1 -1 0 
50 0 83 190 14 13 -1 -1 -1 0 
50 1 233 125 14 14 -1 -1 -1 0 
50 2 89 10 12 13 -1 -1 -1 0 
50 3 99 22 12 11 -1 -1 -1 0 
51 0 84 191 14 12 -1 -1 -1 0 
51 1 233 125 14 14 -1 -1 -1 0 
51 2 90 11 12 12 -1 -1 -1 0 
51 3 98 21 13 13 -1 -1 -1 0 
52 0 83 190 14 14 -1 -1 -1 0 
52 1 234 126 14 13 -1 -1 -1 0 
52 2 89 11 12 11 -1 -1 -1 0 
52 3 98 22 14 12 -1 -1 -1 0 
53 0 84 190 13 13 -1 -1 -1 0 
53 1 233 126 15 14 -1 -1 -1 0 
53 2 89 11 11 11 -1 -1 -1 0 
53 3 99 23 12 12 -1 -1 -1 0 
54 0 84 190 14 13 -1 -1 -1 0 
54 1 234 126 14 13 -1 -1 -1 0 
54 2 89 12 11 11 -1 -1 -1 0 
54 3 98 23 15 13 -1 -1 -1 0 
55 0 84 190 14 14 -1 -1 -1 0 
55 1 233 125 15 15 -1 -1 -1 0 
55 2 87 11 14 13 -1 -1 -1 0 
55 3 99 23 15 13 -1 -1 -1 0 
56 0 83 190 16 13 -1 -1 -1 0 
56 1 233 125 16 15 -1 -1 -1 0 
56 2 88 11 13 13 -1 -1 -1 0 
56 3 101 23 13 12 -1 -1 -1 0 
57 0 85 190 12 12 -1 -1 -1 0 
57 1 233 125 15 14 -1 -1 -1 0 
57 2 88 11 13 13 -1 -1 -1 0 
57 3 101 22 14 13 -1 -1 -1 0 
58 0 84 190 13 13 -1 -1 -1 0 
58 1 234 127 15 13 -1 -1 -1 0 
58 2 88 12 12 12 -1 -1 -1 0 
58 3 100 22 14 12 -1 -1 -1 0 
59 0 83 189 14 14 -1 -1 -1 0 
59 1 235 126 13 14 -1 -1 -1 0 
59 3 100 22 14 12 -1 -1 -1 0 
59 5 88 11 13 13 -1 -1 -1 0 
60 0 83 189 14 14 -1 -1 -1 0 
60 1 234 126 14 15 -1 -1 -1 0 
60 3 101 22 12 12 -1 -1 -1 0 
60 5 88 12 12 12 -1 -1 -1 0 
61 0 83 190 13 14 -1 -1 -1 0 
61 1 235 126 13 14 -1 -1 -1 0 
61 3 101 21 14 14 -1 -1 -1 0 
61 5 89 12 11 11 -1 -1 -1 0 
62 0 83 189 15 15 -1 -1 -1 0 
62 1 235 127 14 13 -1 -1 -1 0 
62 3 101 20 14 13 -1 -1 -1 0 
62 5 88 11 13 13 -1 -1 -1 0 
63 0 84 189 15 15 -1 -1 -1 0 
63 1 235 127 10 12 -1 -1 -1 0 
63 2 88 11 13 13 -1 -1 -1 0 
63 3 102 20 13 12 -1 -1 -1 0 
64 0 82 189 15 14 -1 -1 -1 0 
64 1 234 127 16 13 -1 -1 -1 0 
64 2 88 12 12 12 -1 -1 -1 0 
64 3 103 19 12 12 -1 -1 -1 0 
65 0 83 189 14 14 -1 -1 -1 0 
65 1 234 127 13 12 -1 -1 -1 0 
65 3 101 18 14 13 -1 -1 -1 0 
65 5 88 12 11 10 -1 -1 -1 0 
66 0 84 189 14 13 -1 -1 -1 0 
66 1 232 127 15 13 -1 -1 -1 0 
66 3 101 18 13 12 -1 -1 -1 0 
66 5 89 12 10 10 -1 -1 -1 0 
67 0 84 190 13 12 -1 -1 -1 0 
67 1 234 128 13 12 -1 -1 -1 0 
67 3 101 18 13 12 -1 -1 -1 0 
67 5 88 12 11 10 -1 -1 -1 0 
68 0 83 189 14 14 -1 -1 -1 0 
68 1 234 127 14 13 -1 -1 -1 0 
68 3 101 18 13 12 -1 -1 -1 0 
68 5 88 12 11 10 -1 -1 -1 0 
69 0 84 189 12 13 -1 -1 -1 0 
69 1 233 127 14 14 -1 -1 -1 0 
69 3 101 19 12 12 -1 -1 -1 0 
69 5 87 12 11 11 -1 -1 -1 0 
70 0 84 190 14 14 -1 -1 -1 0 
70 1 234 127 14 13 -1 -1 -1 0 
70 3 100 18 14 13 -1 -1 -1 0 
70 5 86 11 13 13 -1 -1 -1 0 
71 0 84 190 13 13 -1 -1 -1 0 
71 1 233 127 15 14 -1 -1 -1 0 
71 3 100 18 13 12 -1 -1 -1 0 
71 5 87 11 13 13 -1 -1 -1 0 
72 0 85 189 13 15 -1 -1 -1 0 
72 1 233 128 15 13 -1 -1 -1 0 
72 3 101 19 12 10 -1 -1 -1 0 
72 5 88 12 12 12 -1 -1 -1 0 
73 0 83 190 15 14 -1 -1 -1 0 
73 1 234 127 13 12 -1 -1 -1 0 
73 3 100 18 13 11 -1 -1 -1 0 
73 5 89 13 10 11 -1 -1 -1 0 
74 0 85 190 12 13 -1 -1 -1 0 
74 1 233 127 14 13 -1 -1 -1 0 
74 2 100 18 14 12 -1 -1 -1 0 
74 3 100 18 12 10 -1 -1 -1 0 
75 0 83 190 14 14 -1 -1 -1 0 
75 1 233 127 13 13 -1 -1 -1 0 
75 2 101 19 13 12 -1 -1 -1 0 
75 5 90 11 11 11 -1 -1 -1 0 
76 0 83 191 15 13 -1 -1 -1 0 
76 1 232 126 15 14 -1 -1 -1 0 
76 2 102 19 12 12 -1 -1 -1 0 
76 3 103 19 11 11 -1 -1 -1 0 
77 0 84 190 14 13 -1 -1 -1 0 
77 1 233 126 14 14 -1 -1 -1 0 
77 3 101 18 13 13 -1 -1 -1 0 
77 5 90 11 12 11 -1 -1 -1 0 
78 0 83 190 14 12 -1 -1 -1 0 
78 1 233 127 14 13 -1 -1 -1 0 
78 3 100 18 13 13 -1 -1 -1 0 
78 5 90 11 11 11 -1 -1 -1 0 
79 0 84 190 12 12 -1 -1 -1 0 
79 1 235 127 11 12 -1 -1 -1 0 
79 3 100 19 13 12 -1 -1 -1 0 
79 5 90 11 13 12 -1 -1 -1 0 
80 0 83 190 14 13 -1 -1 -1 0 
80 1 233 125 13 14 -1 -1 -1 0 
80 3 100 19 13 12 -1 -1 -1 0 
80 5 91 11 11 11 -1 -1 -1 0 
81 0 84 190 12 13 -1 -1 -1 0 
81 1 233 126 13 13 -1 -1 -1 0 
81 3 101 18 13 13 -1 -1 -1 0 
81 5 91 12 10 12 -1 -1 -1 0 
82 0 84 190 13 13 -1 -1 -1 0 
82 1 233 126 14 14 -1 -1 -1 0 
82 3 102 19 11 12 -1 -1 -1 0 
82 5 90 12 12 11 -1 -1 -1 0 
83 0 84 190 12 13 -1 -1 -1 0 
83 1 232 126 15 14 -1 -1 -1 0 
83 3 102 18 12 13 -1 -1 -1 0 
83 5 91 12 11 11 -1 -1 -1 0 
84 0 83 190 14 14 -1 -1 -1 0 
84 1 232 127 14 13 -1 -1 -1 0 
84 3 103 18 12 12 -1 -1 -1 0 
84 5 90 11 13 13 -1 -1 -1 0 
85 0 84 190 13 14 -1 -1 -1 0 
85 1 234 127 12 11 -1 -1 -1 0 
85 3 103 17 13 14 -1 -1 -1 0 
85 5 91 12 11 12 -1 -1 -1 0 
86 0 83 190 14 14 -1 -1 -1 0 
86 1 234 127 11 12 -1 -1 -1 0 
86 3 103 17 14 13 -1 -1 -1 0 
86 5 90 12 13 13 -1 -1 -1 0 
87 0 84 189 12 13 -1 -1 -1 0 
87 1 232 125 15 14 -1 -1 -1 0 
87 3 102 15 13 13 -1 -1 -1 0 
87 5 91 13 12 13 -1 -1 -1 0 
88 0 83 190 14 14 -1 -1 -1 0 
88 1 232 124 15 14 -1 -1 -1 0 
88 3 102 16 12 12 -1 -1 -1 0 
88 5 90 12 12 12 -1 -1 -1 0 
89 0 83 190 14 14 -1 -1 -1 0 
89 1 233 124 12 14 -1 -1 -1 0 
89 2 103 16 11 13 -1 -1 -1 0 
89 3 103 16 10 12 -1 -1 -1 0 
90 0 84 190 13 13 -1 -1 -1 0 
90 1 231 122 16 16 -1 -1 -1 0 
90 2 102 16 14 13 -1 -1 -1 0 
90 3 86 12 13 12 -1 -1 -1 0 
91 0 82 189 15 15 -1 -1 -1 0 
91 1 233 123 14 15 -1 -1 -1 0 
91 2 103 17 14 13 -1 -1 -1 0 
91 3 85 10 13 13 -1 -1 -1 0 
92 0 83 190 15 13 -1 -1 -1 0 
92 1 232 124 15 14 -1 -1 -1 0 
92 2 103 17 14 13 -1 -1 -1 0 
92 3 83 9 14 14 -1 -1 -1 0 
93 0 84 190 13 11 -1 -1 -1 0 
93 1 232 125 14 14 -1 -1 -1 0 
93 2 103 16 14 13 -1 -1 -1 0 
93 3 86 10 14 13 -1 -1 -1 0 
94 0 84 190 12 12 -1 -1 -1 0 
94 1 232 125 15 13 -1 -1 -1 0 
94 2 103 16 14 14 -1 -1 -1 0 
94 3 86 10 14 12 -1 -1 -1 0 
95 0 83 189 15 14 -1 -1 -1 0 
95 1 232 124 15 14 -1 -1 -1 0 
95 2 103 16 14 13 -1 -1 -1 0 
95 3 88 11 11 12 -1 -1 -1 0 
96 0 83 189 15 14 -1 -1 -1 0 
96 1 232 125 14 12 -1 -1 -1 0 
96 2 104 15 12 13 -1 -1 -1 0 
96 3 88 11 13 13 -1 -1 -1 0 
97 0 83 190 14 14 -1 -1 -1 0 
97 1 233 124 12 12 -1 -1 -1 0 
97 2 104 15 14 14 -1 -1 -1 0 
97 3 87 11 13 12 -1 -1 -1 0 
98 0 83 190 14 13 -1 -1 -1 0 
98 1 231 123 14 14 -1 -1 -1 0 
98 2 102 15 15 13 -1 -1 -1 0 
98 3 86 11 14 12 -1 -1 -1 0 
99 0 84 191 12 11 -1 -1 -1 0 
99 1 232 123 14 14 -1 -1 -1 0 
99 2 103 16 12 12 -1 -1 -1 0 
99 3 88 12 12 12 -1 -1 -1 0 
100 0 84 191 12 12 -1 -1 -1 0 
100 1 233 123 12 13 -1 -1 -1 0 
100 2 102 16 14 13 -1 -1 -1 0 
100 3 88 12 12 12 -1 -1 -1 0 
101 0 83 190 14 13 -1 -1 -1 0 
101 1 233 122 13 15 -1 -1 -1 0 
101 2 102 16 15 13 -1 -1 -1 0 
101 3 87 12 14 13 -1 -1 -1 0 
102 0 84 190 13 13 -1 -1 -1 0 
102 1 232 123 14 14 -1 -1 -1 0 
102 2 103 15 15 14 -1 -1 -1 0 
102 3 88 12 14 13 -1 -1 -1 0 
103 0 82 190 15 14 -1 -1 -1 0 
103 1 233 123 14 13 -1 -1 -1 0 
103 2 103 16 14 13 -1 -1 -1 0 
103 3 88 11 13 12 -1 -1 -1 0 
104 0 83 190 14 14 -1 -1 -1 0 
104 1 234 122 12 14 -1 -1 -1 0 
104 2 103 16 14 13 -1 -1 -1 0 
104 3 89 11 13 12 -1 -1 -1 0 
105 0 84 189 13 14 -1 -1 -1 0 
105 1 233 121 13 15 -1 -1 -1 0 
105 2 103 15 14 13 -1 -1 -1 0 
105 3 91 12 10 10 -1 -1 -1 0 
106 0 83 190 14 14 -1 -1 -1 0 
106 1 233 122 15 15 -1 -1 -1 0 
106 2 104 14 12 13 -1 -1 -1 0 
106 3 90 11 11 11 -1 -1 -1 0 
107 0 83 190 14 13 -1 -1 -1 0 
107 1 233 122 14 14 -1 -1 -1 0 
107 2 104 14 13 13 -1 -1 -1 0 
107 3 89 11 14 12 -1 -1 -1 0 
108 0 83 189 13 14 -1 -1 -1 0 
108 1 232 123 14 13 -1 -1 -1 0 
108 2 104 15 14 13 -1 -1 -1 0 
108 3 89 12 13 12 -1 -1 -1 0 
109 0 82 190 16 14 -1 -1 -1 0 
109 1 233 124 12 12 -1 -1 -1 0 
109 2 104 16 14 13 -1 -1 -1 0 
109 3 89 11 13 12 -1 -1 -1 0 
110 0 83 190 15 14 -1 -1 -1 0 
110 1 233 124 13 13 -1 -1 -1 0 
110 2 104 16 13 13 -1 -1 -1 0 
110 3 89 10 13 12 -1 -1 -1 0 
111 0 84 190 13 13 -1 -1 -1 0 
111 1 232 124 14 13 -1 -1 -1 0 
111 2 104 16 13 13 -1 -1 -1 0 
111 3 90 11 12 12 -1 -1 -1 0 
112 0 84 191 13 13 -1 -1 -1 0 
112 1 233 125 13 11 -1 -1 -1 0 
112 2 105 17 11 11 -1 -1 -1 0 
112 3 87 10 14 12 -1 -1 -1 0 
113 0 84 191 13 12 -1 -1 -1 0 
113 1 234 124 12 13 -1 -1 -1 0 
113 2 105 16 12 12 -1 -1 -1 0 
113 3 87 10 14 12 -1 -1 -1 0 
114 0 84 191 13 13 -1 -1 -1 0 
114 1 232 123 15 15 -1 -1 -1 0 
114 2 105 16 12 13 -1 -1 -1 0 
114 3 87 11 13 12 -1 -1 -1 0 
115 0 84 192 12 12 -1 -1 -1 0 
115 1 233 124 15 15 -1 -1 -1 0 
115 2 104 15 14 14 -1 -1 -1 0 
115 3 87 11 13 12 -1 -1 -1 0 
116 0 83 190 14 14 -1 -1 -1 0 
116 1 233 125 14 14 -1 -1 -1 0 
116 2 104 15 15 14 -1 -1 -1 0 
116 3 87 10 13 12 -1 -1 -1 0 
117 0 84 190 14 14 -1 -1 -1 0 
117 1 232 125 15 13 -1 -1 -1 0 
117 2 105 16 14 13 -1 -1 -1 0 
117 3 89 12 12 13 -1 -1 -1 0 
118 0 84 190 14 14 -1 -1 -1 0 
118 1 234 125 12 13 -1 -1 -1 0 
118 2 106 18 13 12 -1 -1 -1 0 
118 3 88 12 14 13 -1 -1 -1 0 
119 0 84 191 13 13 -1 -1 -1 0 
119 1 233 124 14 14 -1 -1 -1 0 
119 2 105 18 15 13 -1 -1 -1 0 
119 3 88 12 15 13 -1 -1 -1 0 
120 0 83 190 15 14 -1 -1 -1 0 
120 1 233 125 15 14 -1 -1 -1 0 
120 2 106 18 14 13 -1 -1 -1 0 
120 3 89 12 14 13 -1 -1 -1 0 
121 0 84 191 13 13 -1 -1 -1 0 
121 1 234 125 14 13 -1 -1 -1 0 
121 2 106 18 13 12 -1 -1 -1 0 
121 3 90 11 14 13 -1 -1 -1 0 
122 0 83 190 14 15 -1 -1 -1 0 
122 1 234 125 13 12 -1 -1 -1 0 
122 2 106 18 14 12 -1 -1 -1 0 
122 3 90 11 12 12 -1 -1 -1 0 
123 0 83 190 14 14 -1 -1 -1 0 
123 1 232 124 16 14 -1 -1 -1 0 
123 2 106 18 11 11 -1 -1 -1 0 
123 3 89 10 14 13 -1 -1 -1 0 
124 0 83 190 14 14 -1 -1 -1 0 
124 1 233 124 14 14 -1 -1 -1 0 
124 2 105 16 13 12 -1 -1 -1 0 
124 3 90 11 12 12 -1 -1 -1 0 
125 0 84 190 13 14 -1 -1 -1 0 
125 1 232 124 15 14 -1 -1 -1 0 
125 2 105 16 14 13 -1 -1 -1 0 
125 3 89 11 14 13 -1 -1 -1 0 
126 0 83 190 14 13 -1 -1 -1 0 
126 1 232 125 15 13 -1 -1 -1 0 
126 2 106 17 12 12 -1 -1 -1 0 
126 3 91 12 12 12 -1 -1 -1 0 
127 0 84 191 12 11 -1 -1 -1 0 
127 1 233 126 14 11 -1 -1 -1 0 
127 2 106 18 13 12 -1 -1 -1 0 
127 3 90 11 14 13 -1 -1 -1 0 
128 0 83 190 12 12 -1 -1 -1 0 
128 1 234 126 13 12 -1 -1 -1 0 
128 2 106 18 14 12 -1 -1 -1 0 
128 3 91 12 13 12 -1 -1 -1 0 
129 0 84 189 14 14 -1 -1 -1 0 
129 1 232 125 13 13 -1 -1 -1 0 
129 2 107 18 12 12 -1 -1 -1 0 
129 3 92 12 12 12 -1 -1 -1 0 
130 0 84 189 13 14 -1 -1 -1 0 
130 1 233 125 14 12 -1 -1 -1 0 
130 2 107 18 13 13 -1 -1 -1 0 
130 3 92 10 12 12 -1 -1 -1 0 
131 0 83 189 14 14 -1 -1 -1 0 
131 1 233 126 13 12 -1 -1 -1 0 
131 2 105 18 15 13 -1 -1 -1 0 
131 3 92 10 12 12 -1 -1 -1 0 
132 0 85 189 12 13 -1 -1 -1 0 
132 1 232 125 14 13 -1 -1 -1 0 
132 2 107 19 12 12 -1 -1 -1 0 
132 3 93 11 13 12 -1 -1 -1 0 
133 0 84 190 13 14 -1 -1 -1 0 
133 1 232 125 13 13 -1 -1 -1 0 
133 2 107 19 13 13 -1 -1 -1 0 
133 3 93 11 13 12 -1 -1 -1 0 
134 0 83 189 15 15 -1 -1 -1 0 
134 1 231 124 14 15 -1 -1 -1 0 
134 3 93 11 13 12 -1 -1 -1 0 
134 5 105 19 14 12 -1 -1 -1 0 
135 0 83 188 14 15 -1 -1 -1 0 
135 1 231 125 13 11 -1 -1 -1 0 
135 3 95 12 11 10 -1 -1 -1 0 
135 5 106 19 13 12 -1 -1 -1 0 
136 0 83 189 14 13 -1 -1 -1 0 
136 1 233 124 13 13 -1 -1 -1 0 
136 3 95 11 10 11 -1 -1 -1 0 
136 5 105 18 14 12 -1 -1 -1 0 
137 0 84 191 12 11 -1 -1 -1 0 
137 1 232 124 13 14 -1 -1 -1 0 
137 2 105 18 14 13 -1 -1 -1 0 
137 3 94 11 11 11 -1 -1 -1 0 
138 0 83 191 12 12 -1 -1 -1 0 
138 1 232 125 13 14 -1 -1 -1 0 
138 2 105 17 14 14 -1 -1 -1 0 
138 3 93 11 13 12 -1 -1 -1 0 
139 0 82 189 14 13 -1 -1 -1 0 
139 1 233 125 11 13 -1 -1 -1 0 
139 3 94 12 12 11 -1 -1 -1 0 
139 5 107 17 11 11 -1 -1 -1 0 
140 0 84 190 12 12 -1 -1 -1 0 
140 1 232 125 13 14 -1 -1 -1 0 
140 3 93 12 13 12 -1 -1 -1 0 
140 5 106 18 13 12 -1 -1 -1 0 
141 0 82 190 14 13 -1 -1 -1 0 
141 1 231 125 14 13 -1 -1 -1 0 
141 3 94 12 13 12 -1 -1 -1 0 
141 5 107 19 11 11 -1 -1 -1 0 
142 0 83 190 13 12 -1 -1 -1 0 
142 1 232 125 12 12 -1 -1 -1 0 
142 2 105 18 14 13 -1 -1 -1 0 
142 3 95 13 10 11 -1 -1 -1 0 
143 0 83 190 14 12 -1 -1 -1 0 
143 1 230 125 15 14 -1 -1 -1 0 
143 2 106 19 11 12 -1 -1 -1 0 
143 3 95 13 10 11 -1 -1 -1 0 
144 0 83 189 14 13 -1 -1 -1 0 
144 1 232 126 13 13 -1 -1 -1 0 
144 2 105 20 12 12 -1 -1 -1 0 
144 3 94 13 11 11 -1 -1 -1 0 
145 0 84 190 12 12 -1 -1 -1 0 
145 1 232 126 13 12 -1 -1 -1 0 
145 2 104 20 13 13 -1 -1 -1 0 
145 3 94 13 10 11 -1 -1 -1 0 
146 0 83 189 14 14 -1 -1 -1 0 
146 1 231 126 15 13 -1 -1 -1 0 
146 3 93 12 12 11 -1 -1 -1 0 
146 5 105 17 13 13 -1 -1 -1 0 
147 0 83 189 14 14 -1 -1 -1 0 
147 1 232 127 14 13 -1 -1 -1 0 
147 2 104 19 14 13 -1 -1 -1 0 
147 3 92 11 14 13 -1 -1 -1 0 
148 0 83 190 14 13 -1 -1 -1 0 
148 1 232 127 13 13 -1 -1 -1 0 
148 2 104 19 13 13 -1 -1 -1 0 
148 3 92 12 13 12 -1 -1 -1 0 
149 0 84 191 12 11 -1 -1 -1 0 
149 1 231 126 15 13 -1 -1 -1 0 
149 3 91 12 14 12 -1 -1 -1 0 
149 5 104 16 14 13 -1 -1 -1 0 
150 0 84 191 12 11 -1 -1 -1 0 
150 1 231 126 13 13 -1 -1 -1 0 
150 3 91 11 13 12 -1 -1 -1 0 
150 5 104 16 12 13 -1 -1 -1 0 
151 0 84 191 13 11 -1 -1 -1 0 
151 1 232 127 13 12 -1 -1 -1 0 
151 3 91 11 12 13 -1 -1 -1 0 
151 5 103 16 13 12 -1 -1 -1 0 
152 0 84 190 12 12 -1 -1 -1 0 
152 1 231 126 14 14 -1 -1 -1 0 
152 3 90 11 13 13 -1 -1 -1 0 
152 5 103 16 12 12 -1 -1 -1 0 
153 0 83 189 14 14 -1 -1 -1 0 
153 1 232 127 12 13 -1 -1 -1 0 
153 3 91 12 11 12 -1 -1 -1 0 
153 5 104 16 10 11 -1 -1 -1 0 
154 0 83 190 14 14 -1 -1 -1 0 
154 1 231 126 14 14 -1 -1 -1 0 
154 3 89 11 13 14 -1 -1 -1 0 
154 5 103 15 11 12 -1 -1 -1 0 
155 0 83 190 14 14 -1 -1 -1 0 
155 1 231 127 14 13 -1 -1 -1 0 
155 2 103 15 12 14 -1 -1 -1 0 
155 3 89 11 13 12 -1 -1 -1 0 
156 0 83 189 14 14 -1 -1 -1 0 
156 1 231 128 14 12 -1 -1 -1 0 
156 2 102 14 13 14 -1 -1 -1 0 
156 3 89 11 12 12 -1 -1 -1 0 
157 0 84 189 14 13 -1 -1 -1 0 
157 1 231 128 14 13 -1 -1 -1 0 
157 2 104 17 15 13 -1 -1 -1 0 
157 3 90 11 13 13 -1 -1 -1 0 
158 0 84 189 12 13 -1 -1 -1 0 
158 1 233 128 10 12 -1 -1 -1 0 
158 2 105 18 14 12 -1 -1 -1 0 
158 3 90 12 12 12 -1 -1 -1 0 
159 0 83 188 15 14 -1 -1 -1 0 
159 1 231 128 14 13 -1 -1 -1 0 
159 3 91 12 14 13 -1 -1 -1 0 
159 5 107 18 13 12 -1 -1 -1 0 
160 0 83 189 14 13 -1 -1 -1 0 
160 1 232 128 14 13 -1 -1 -1 0 
160 3 91 12 13 12 -1 -1 -1 0 
160 5 106 17 14 13 -1 -1 -1 0 
161 0 84 190 12 11 -1 -1 -1 0 
161 1 231 127 14 15 -1 -1 -1 0 
161 3 92 12 12 12 -1 -1 -1 0 
161 5 107 18 13 12 -1 -1 -1 0 
162 0 84 189 11 12 -1 -1 -1 0 
162 1 232 128 13 13 -1 -1 -1 0 
162 3 91 11 14 13 -1 -1 -1 0 
162 5 107 18 14 12 -1 -1 -1 0 
163 0 82 189 15 13 -1 -1 -1 0 
163 1 232 128 12 12 -1 -1 -1 0 
163 3 91 11 14 13 -1 -1 -1 0 
163 5 108 17 12 12 -1 -1 -1 0 
164 0 83 189 13 12 -1 -1 -1 0 
164 1 231 127 14 14 -1 -1 -1 0 
164 3 92 11 13 13 -1 -1 -1 0 
164 5 108 17 12 13 -1 -1 -1 0 
165 0 83 188 13 14 -1 -1 -1 0 
165 1 230 128 14 13 -1 -1 -1 0 
165 2 107 18 12 11 -1 -1 -1 0 
165 3 92 11 13 13 -1 -1 -1 0 
166 0 84 189 13 13 -1 -1 -1 0 
166 1 229 127 16 15 -1 -1 -1 0 
166 2 106 17 14 12 -1 -1 -1 0 
166 3 92 12 13 12 -1 -1 -1 0 
167 0 84 189 12 12 -1 -1 -1 0 
167 1 229 127 15 14 -1 -1 -1 0 
167 2 107 18 13 10 -1 -1 -1 0 
167 3 92 13 12 10 -1 -1 -1 0 
168 0 82 189 14 13 -1 -1 -1 0 
168 1 230 127 13 13 -1 -1 -1 0 
168 3 93 13 11 11 -1 -1 -1 0 
168 5 108 18 11 10 -1 -1 -1 0 
169 0 83 189 13 13 -1 -1 -1 0 
169 1 231 128 12 11 -1 -1 -1 0 
169 3 92 13 13 12 -1 -1 -1 0 
169 5 107 17 12 11 -1 -1 -1 0 
170 0 82 188 15 15 -1 -1 -1 0 
170 1 231 128 12 12 -1 -1 -1 0 
170 3 91 13 14 12 -1 -1 -1 0 
170 5 107 17 13 12 -1 -1 -1 0 
171 0 83 189 14 14 -1 -1 -1 0 
171 1 229 127 15 14 -1 -1 -1 0 
171 2 107 18 12 11 -1 -1 -1 0 
171 3 91 13 14 12 -1 -1 -1 0 
172 0 84 190 13 13 -1 -1 -1 0 
172 1 231 127 12 13 -1 -1 -1 0 
172 2 107 18 13 12 -1 -1 -1 0 
172 3 91 12 13 12 -1 -1 -1 0 
173 0 83 189 15 14 -1 -1 -1 0 
173 1 230 127 15 14 -1 -1 -1 0 
173 3 91 11 13 13 -1 -1 -1 0 
173 5 106 16 12 13 -1 -1 -1 0 
174 0 84 188 13 14 -1 -1 -1 0 
174 1 232 127 12 13 -1 -1 -1 0 
174 3 92 11 13 13 -1 -1 -1 0 
174 5 107 17 12 12 -1 -1 -1 0 
175 0 83 188 14 14 -1 -1 -1 0 
175 1 231 128 14 13 -1 -1 -1 0 
175 3 92 11 14 12 -1 -1 -1 0 
175 5 108 17 11 11 -1 -1 -1 0 
176 0 83 189 14 13 -1 -1 -1 0 
176 1 232 128 11 11 -1 -1 -1 0 
176 3 92 10 14 12 -1 -1 -1 0 
176 5 107 17 13 12 -1 -1 -1 0 
177 0 84 189 12 13 -1 -1 -1 0 
177 1 232 128 13 12 -1 -1 -1 0 
177 3 94 11 12 11 -1 -1 -1 0 
177 5 109 18 11 12 -1 -1 -1 0 
178 0 82 188 14 14 -1 -1 -1 0 
178 1 233 127 12 13 -1 -1 -1 0 
178 3 93 10 12 12 -1 -1 -1 0 
178 5 108 17 13 13 -1 -1 -1 0 
179 0 83 188 14 14 -1 -1 -1 0 
179 1 233 125 13 14 -1 -1 -1 0 
179 2 109 18 13 12 -1 -1 -1 0 
179 3 92 9 14 13 -1 -1 -1 0 
180 0 83 188 14 14 -1 -1 -1 0 
180 1 233 127 12 15 -1 -1 -1 0 
180 2 109 19 13 12 -1 -1 -1 0 
180 3 91 9 15 13 -1 -1 -1 0 
181 0 83 189 13 13 -1 -1 -1 0 
181 1 232 126 14 15 -1 -1 -1 0 
181 2 109 18 14 12 -1 -1 -1 0 
181 3 92 9 14 12 -1 -1 -1 0 
182 0 82 188 14 14 -1 -1 -1 0 
182 1 232 127 13 13 -1 -1 -1 0 
182 2 109 17 14 12 -1 -1 -1 0 
182 3 93 10 13 12 -1 -1 -1 0 
183 0 82 188 14 14 -1 -1 -1 0 
183 1 232 127 12 11 -1 -1 -1 0 
183 3 93 11 13 12 -1 -1 -1 0 
183 5 109 18 14 12 -1 -1 -1 0 
184 0 82 189 15 14 -1 -1 -1 0 
184 1 232 127 13 12 -1 -1 -1 0 
184 2 110 16 13 13 -1 -1 -1 0 
184 3 94 12 12 12 -1 -1 -1 0 
185 0 84 189 12 13 -1 -1 -1 0 
185 1 231 127 14 13 -1 -1 -1 0 
185 2 110 15 14 14 -1 -1 -1 0 
185 3 94 11 13 12 -1 -1 -1 0 
186 0 83 188 14 14 -1 -1 -1 0 
186 1 230 128 12 11 -1 -1 -1 0 
186 3 93 10 14 12 -1 -1 -1 0 
186 5 111 17 12 12 -1 -1 -1 0 
187 0 83 188 14 14 -1 -1 -1 0 
187 1 231 128 12 12 -1 -1 -1 0 
187 2 109 16 14 13 -1 -1 -1 0 
187 3 93 9 13 12 -1 -1 -1 0 
188 0 82 188 15 14 -1 -1 -1 0 
188 1 230 127 15 13 -1 -1 -1 0 
188 2 110 16 13 12 -1 -1 -1 0 
188 3 93 9 13 12 -1 -1 -1 0 
189 0 83 188 14 14 -1 -1 -1 0 
189 1 230 128 13 11 -1 -1 -1 0 
189 3 92 8 14 12 -1 -1 -1 0 
189 5 110 18 12 12 -1 -1 -1 0 
190 0 82 188 14 14 -1 -1 -1 0 
190 1 231 128 12 11 -1 -1 -1 0 
190 2 109 16 13 12 -1 -1 -1 0 
190 3 93 8 13 12 -1 -1 -1 0 
191 0 82 188 15 14 -1 -1 -1 0 
191 1 229 128 14 12 -1 -1 -1 0 
191 2 108 16 13 12 -1 -1 -1 0 
191 3 93 8 12 11 -1 -1 -1 0 
192 0 82 188 15 13 -1 -1 -1 0 
192 1 230 129 14 12 -1 -1 -1 0 
192 3 93 8 12 13 -1 -1 -1 0 
192 5 109 17 14 12 -1 -1 -1 0 
193 0 84 189 12 12 -1 -1 -1 0 
193 1 231 128 12 12 -1 -1 -1 0 
193 2 110 16 11 12 -1 -1 -1 0 
193 3 91 9 14 13 -1 -1 -1 0 
194 0 84 189 12 13 -1 -1 -1 0 
194 1 229 128 15 13 -1 -1 -1 0 
194 2 110 15 12 13 -1 -1 -1 0 
194 3 91 10 14 12 -1 -1 -1 0 
195 0 82 188 15 14 -1 -1 -1 0 
195 1 230 129 12 12 -1 -1 -1 0 
195 3 92 11 11 12 -1 -1 -1 0 
195 5 107 17 14 13 -1 -1 -1 0 
196 0 83 188 13 13 -1 -1 -1 0 
196 1 229 128 14 13 -1 -1 -1 0 
196 3 91 11 13 13 -1 -1 -1 0 
196 5 108 16 11 12 -1 -1 -1 0 
197 0 83 188 14 14 -1 -1 -1 0 
197 1 230 129 12 12 -1 -1 -1 0 
197 2 106 16 14 13 -1 -1 -1 0 
197 3 91 11 12 12 -1 -1 -1 0 
198 0 83 187 13 15 -1 -1 -1 0 
198 1 229 128 14 14 -1 -1 -1 0 
198 2 107 17 12 12 -1 -1 -1 0 
198 3 92 11 12 13 -1 -1 -1 0 
199 0 82 188 16 14 -1 -1 -1 0 
199 1 230 128 13 13 -1 -1 -1 0 
199 2 107 16 13 12 -1 -1 -1 0 
199 3 91 11 14 14 -1 -1 -1 0 
200 0 83 188 14 14 -1 -1 -1 0 
200 1 229 128 15 14 -1 -1 -1 0 
200 2 107 16 14 13 -1 -1 -1 0 
200 3 91 11 14 14 -1 -1 -1 0 
201 0 82 188 15 14 -1 -1 -1 0 
201 1 228 128 14 14 -1 -1 -1 0 
201 2 108 17 13 12 -1 -1 -1 0 
201 3 93 12 12 14 -1 -1 -1 0 
202 0 81 188 14 14 -1 -1 -1 0 
202 1 230 129 13 13 -1 -1 -1 0 
202 2 109 18 12 12 -1 -1 -1 0 
202 3 92 12 15 13 -1 -1 -1 0 
203 0 82 188 14 14 -1 -1 -1 0 
203 1 229 130 14 12 -1 -1 -1 0 
203 2 109 17 11 12 -1 -1 -1 0 
203 3 92 12 15 13 -1 -1 -1 0 
204 0 83 188 13 13 -1 -1 -1 0 
204 1 229 129 15 13 -1 -1 -1 0 
204 2 108 17 12 12 -1 -1 -1 0 
204 3 93 12 14 13 -1 -1 -1 0 
205 0 83 187 14 15 -1 -1 -1 0 
205 1 229 130 13 12 -1 -1 -1 0 
205 2 109 17 12 12 -1 -1 -1 0 
205 3 94 13 13 13 -1 -1 -1 0 
206 0 82 188 15 14 -1 -1 -1 0 
206 1 229 129 14 13 -1 -1 -1 0 
206 2 108 17 13 13 -1 -1 -1 0 
206 5 94 11 12 12 -1 -1 -1 0 
207 0 84 188 12 13 -1 -1 -1 0 
207 1 229 130 13 12 -1 -1 -1 0 
207 2 109 18 13 13 -1 -1 -1 0 
207 5 95 11 11 12 -1 -1 -1 0 
208 0 83 190 12 12 -1 -1 -1 0 
208 1 228 129 16 14 -1 -1 -1 0 
208 2 108 18 13 12 -1 -1 -1 0 
208 3 93 9 14 13 -1 -1 -1 0 
209 0 82 188 15 14 -1 -1 -1 0 
209 1 228 130 15 14 -1 -1 -1 0 
209 2 109 18 11 12 -1 -1 -1 0 
209 3 93 8 13 13 -1 -1 -1 0 
210 0 83 188 14 13 -1 -1 -1 0 
210 1 228 130 16 14 -1 -1 -1 0 
210 2 108 18 12 13 -1 -1 -1 0 
210 3 94 8 12 12 -1 -1 -1 0 
211 0 83 190 12 13 -1 -1 -1 0 
211 1 228 130 15 14 -1 -1 -1 0 
211 2 108 19 12 12 -1 -1 -1 0 
211 3 94 8 12 12 -1 -1 -1 0 
212 0 81 188 16 15 -1 -1 -1 0 
212 1 228 130 16 13 -1 -1 -1 0 
212 2 107 19 13 12 -1 -1 -1 0 
212 3 94 7 13 12 -1 -1 -1 0 
213 0 82 188 15 14 -1 -1 -1 0 
213 1 228 131 13 11 -1 -1 -1 0 
213 2 107 19 13 12 -1 -1 -1 0 
213 3 94 8 12 13 -1 -1 -1 0 
214 0 82 189 14 13 -1 -1 -1 0 
214 1 228 130 14 12 -1 -1 -1 0 
214 2 108 19 12 12 -1 -1 -1 0 
214 3 94 8 13 14 -1 -1 -1 0 
215 0 82 190 12 11 -1 -1 -1 0 
215 1 227 129 15 14 -1 -1 -1 0 
215 2 108 18 13 13 -1 -1 -1 0 
215 5 93 7 13 12 -1 -1 -1 0 
216 0 84 189 11 12 -1 -1 -1 0 
216 1 227 130 15 13 -1 -1 -1 0 
216 2 109 19 12 12 -1 -1 -1 0 
216 3 94 8 13 13 -1 -1 -1 0 
217 0 81 189 15 14 -1 -1 -1 0 
217 1 228 131 13 12 -1 -1 -1 0 
217 2 108 18 13 12 -1 -1 -1 0 
217 3 95 7 12 13 -1 -1 -1 0 
218 0 81 189 14 14 -1 -1 -1 0 
218 1 227 131 14 12 -1 -1 -1 0 
218 2 109 19 11 11 -1 -1 -1 0 
218 3 95 7 12 13 -1 -1 -1 0 
219 0 82 189 13 13 -1 -1 -1 0 
219 1 229 132 10 12 -1 -1 -1 0 
219 2 108 18 13 13 -1 -1 -1 0 
219 3 95 9 13 11 -1 -1 -1 0 
220 0 81 189 14 14 -1 -1 -1 0 
220 1 228 131 11 13 -1 -1 -1 0 
220 2 108 18 13 12 -1 -1 -1 0 
220 3 96 10 12 10 -1 -1 -1 0 
221 0 81 189 14 14 -1 -1 -1 0 
221 1 227 131 14 13 -1 -1 -1 0 
221 2 109 18 11 11 -1 -1 -1 0 
221 3 96 9 11 11 -1 -1 -1 0 
222 0 82 188 13 14 -1 -1 -1 0 
222 1 227 131 12 13 -1 -1 -1 0 
222 2 108 17 13 13 -1 -1 -1 0 
222 3 96 10 13 11 -1 -1 -1 0 
223 0 81 189 15 14 -1 -1 -1 0 
223 1 229 132 11 12 -1 -1 -1 0 
223 2 108 18 14 12 -1 -1 -1 0 
223 3 97 11 12 11 -1 -1 -1 0 
224 0 81 189 15 14 -1 -1 -1 0 
224 1 227 131 15 14 -1 -1 -1 0 
224 2 108 17 13 12 -1 -1 -1 0 
224 5 95 8 13 11 -1 -1 -1 0 
225 0 80 189 15 14 -1 -1 -1 0 
225 1 227 131 14 14 -1 -1 -1 0 
225 2 107 17 13 12 -1 -1 -1 0 
225 5 97 9 10 10 -1 -1 -1 0 
226 0 81 189 14 14 -1 -1 -1 0 
226 1 227 131 15 13 -1 -1 -1 0 
226 2 109 18 10 11 -1 -1 -1 0 
226 5 96 8 12 11 -1 -1 -1 0 
227 0 81 189 14 13 -1 -1 -1 0 
227 1 227 131 15 13 -1 -1 -1 0 
227 2 107 17 13 12 -1 -1 -1 0 
227 5 95 7 13 11 -1 -1 -1 0 
228 0 82 189 12 12 -1 -1 -1 0 
228 1 229 132 12 12 -1 -1 -1 0 
228 2 107 16 13 12 -1 -1 -1 0 
228 5 96 8 12 11 -1 -1 -1 0 
229 0 81 189 12 13 -1 -1 -1 0 
229 1 228 131 15 14 -1 -1 -1 0 
229 2 107 16 13 12 -1 -1 -1 0 
229 3 96 8 10 12 -1 -1 -1 0 
230 0 80 189 14 13 -1 -1 -1 0 
230 1 227 131 15 14 -1 -1 -1 0 
230 2 107 16 13 12 -1 -1 -1 0 
230 3 95 7 11 12 -1 -1 -1 0 
231 0 82 190 12 12 -1 -1 -1 0 
231 1 227 130 15 14 -1 -1 -1 0 
231 2 107 17 11 11 -1 -1 -1 0 
231 5 94 7 13 11 -1 -1 -1 0 
232 0 81 189 14 14 -1 -1 -1 0 
232 1 227 130 14 14 -1 -1 -1 0 
232 2 107 16 12 12 -1 -1 -1 0 
232 3 93 8 14 12 -1 -1 -1 0 
233 0 81 189 14 14 -1 -1 -1 0 
233 1 227 130 14 14 -1 -1 -1 0 
233 2 107 16 12 11 -1 -1 -1 0 
233 3 94 9 11 11 -1 -1 -1 0 
234 0 81 190 15 13 -1 -1 -1 0 
234 1 226 131 15 14 -1 -1 -1 0 
234 2 108 16 11 11 -1 -1 -1 0 
234 3 93 9 12 12 -1 -1 -1 0 
235 0 82 191 13 11 -1 -1 -1 0 
235 1 227 130 14 13 -1 -1 -1 0 
235 2 108 14 12 12 -1 -1 -1 0 
235 3 93 9 13 12 -1 -1 -1 0 
236 0 82 190 13 12 -1 -1 -1 0 
236 1 227 131 13 11 -1 -1 -1 0 
236 2 107 13 14 13 -1 -1 -1 0 
236 3 92 9 14 12 -1 -1 -1 0 
237 0 81 189 14 13 -1 -1 -1 0 
237 1 227 130 12 12 -1 -1 -1 0 
237 2 108 14 13 13 -1 -1 -1 0 
237 3 92 9 13 12 -1 -1 -1 0 
238 0 82 190 13 12 -1 -1 -1 0 
238 1 227 129 15 14 -1 -1 -1 0 
238 2 109 15 11 12 -1 -1 -1 0 
238 3 93 9 14 12 -1 -1 -1 0 
239 0 81 189 15 14 -1 -1 -1 0 
239 1 228 129 14 14 -1 -1 -1 0 
239 2 108 15 13 13 -1 -1 -1 0 
239 3 93 9 14 12 -1 -1 -1 0 
240 0 82 189 13 13 -1 -1 -1 0 
240 1 227 130 15 13 -1 -1 -1 0 
240 2 108 17 13 12 -1 -1 -1 0 
240 3 94 9 13 12 -1 -1 -1 0 
241 0 82 190 13 12 -1 -1 -1 0 
241 1 228 130 13 13 -1 -1 -1 0 
241 2 110 16 11 12 -1 -1 -1 0 
241 3 94 10 13 12 -1 -1 -1 0 
242 0 82 189 14 14 -1 -1 -1 0 
242 1 228 129 14 15 -1 -1 -1 0 
242 2 108 15 14 14 -1 -1 -1 0 
242 5 94 9 13 12 -1 -1 -1 0 
243 0 81 189 15 14 -1 -1 -1 0 
243 1 229 129 14 14 -1 -1 -1 0 
243 2 109 16 13 13 -1 -1 -1 0 
243 5 95 9 13 12 -1 -1 -1 0 
244 0 81 189 14 13 -1 -1 -1 0 
244 1 228 130 14 12 -1 -1 -1 0 
244 2 109 17 14 12 -1 -1 -1 0 
244 3 95 9 14 12 -1 -1 -1 0 
245 0 82 189 13 12 -1 -1 -1 0 
245 1 229 130 12 11 -1 -1 -1 0 
245 2 110 18 13 12 -1 -1 -1 0 
245 3 96 8 13 13 -1 -1 -1 0 
246 0 81 188 14 14 -1 -1 -1 0 
246 1 228 130 14 12 -1 -1 -1 0 
246 2 110 18 13 12 -1 -1 -1 0 
246 3 96 8 13 13 -1 -1 -1 0 
247 0 81 188 14 14 -1 -1 -1 0 
247 1 227 129 13 12 -1 -1 -1 0 
247 2 110 17 12 12 -1 -1 -1 0 
247 3 96 9 12 12 -1 -1 -1 0 
248 0 81 189 14 13 -1 -1 -1 0 
248 1 229 131 12 11 -1 -1 -1 0 
248 2 110 17 13 12 -1 -1 -1 0 
248 3 95 10 13 12 -1 -1 -1 0 
249 0 81 188 14 14 -1 -1 -1 0 
249 1 228 130 13 13 -1 -1 -1 0 
249 2 111 17 11 12 -1 -1 -1 0 
249 3 94 10 14 12 -1 -1 -1 0 
250 0 81 188 14 14 -1 -1 -1 0 
250 1 227 130 14 13 -1 -1 -1 0 
250 2 109 16 14 13 -1 -1 -1 0 
250 3 95 10 13 12 -1 -1 -1 0 
251 0 81 188 14 14 -1 -1 -1 0 
251 1 228 131 12 12 -1 -1 -1 0 
251 2 110 16 12 12 -1 -1 -1 0 
251 3 96 10 12 12 -1 -1 -1 0 
252 0 81 188 12 14 -1 -1 -1 0 
252 1 225 129 13 14 -1 -1 -1 0 
252 2 109 16 14 13 -1 -1 -1 0 
252 5 95 10 13 12 -1 -1 -1 0 
253 0 81 188 14 14 -1 -1 -1 0 
253 1 227 130 13 13 -1 -1 -1 0 
253 2 110 16 12 12 -1 -1 -1 0 
253 3 94 10 14 12 -1 -1 -1 0 
254 0 81 188 14 14 -1 -1 -1 0 
254 1 227 129 13 13 -1 -1 -1 0 
254 2 109 15 14 14 -1 -1 -1 0 
254 3 93 11 15 12 -1 -1 -1 0 
255 0 81 188 14 14 -1 -1 -1 0 
255 1 227 129 12 13 -1 -1 -1 0 
255 2 109 16 14 13 -1 -1 -1 0 
255 5 95 11 13 12 -1 -1 -1 0 
256 0 81 189 14 13 -1 -1 -1 0 
256 1 227 129 13 14 -1 -1 -1 0 
256 2 109 16 14 12 -1 -1 -1 0 
256 3 96 11 13 12 -1 -1 -1 0 
257 0 82 190 12 12 -1 -1 -1 0 
257 1 226 130 14 13 -1 -1 -1 0 
257 2 110 15 12 12 -1 -1 -1 0 
257 3 97 12 12 11 -1 -1 -1 0 
258 0 81 189 14 13 -1 -1 -1 0 
258 1 227 130 13 12 -1 -1 -1 0 
258 2 110 14 13 14 -1 -1 -1 0 
258 3 96 11 11 12 -1 -1 -1 0 
259 0 81 191 13 12 -1 -1 -1 0 
259 1 227 128 13 14 -1 -1 -1 0 
259 2 111 14 11 13 -1 -1 -1 0 
259 3 95 10 13 14 -1 -1 -1 0 
260 0 81 189 15 14 -1 -1 -1 0 
260 1 227 129 14 13 -1 -1 -1 0 
260 2 110 14 13 13 -1 -1 -1 0 
260 3 95 11 13 13 -1 -1 -1 0 
261 0 80 189 15 13 -1 -1 -1 0 
261 1 228 130 12 12 -1 -1 -1 0 
261 2 111 15 11 12 -1 -1 -1 0 
261 5 96 11 11 11 -1 -1 -1 0 
262 0 82 190 12 11 -1 -1 -1 0 
262 1 227 130 14 13 -1 -1 -1 0 
262 2 110 14 14 14 -1 -1 -1 0 
262 3 96 10 13 14 -1 -1 -1 0 
263 0 81 190 13 11 -1 -1 -1 0 
263 1 228 130 12 12 -1 -1 -1 0 
263 2 110 14 13 13 -1 -1 -1 0 
263 3 97 11 12 13 -1 -1 -1 0 
264 0 81 190 12 11 -1 -1 -1 0 
264 1 227 130 14 13 -1 -1 -1 0 
264 2 110 15 11 13 -1 -1 -1 0 
264 3 96 10 14 14 -1 -1 -1 0 
265 0 81 190 12 12 -1 -1 -1 0 
265 1 228 130 14 13 -1 -1 -1 0 
265 2 109 16 13 13 -1 -1 -1 0 
265 3 97 11 13 13 -1 -1 -1 0 
266 0 80 189 15 14 -1 -1 -1 0 
266 1 227 130 15 13 -1 -1 -1 0 
266 2 110 17 12 12 -1 -1 -1 0 
266 5 98 12 11 11 -1 -1 -1 0 
267 0 80 188 15 14 -1 -1 -1 0 
267 1 227 130 14 13 -1 -1 -1 0 
267 2 110 17 11 12 -1 -1 -1 0 
267 5 98 12 10 11 -1 -1 -1 0 
268 0 80 189 15 14 -1 -1 -1 0 
268 1 230 130 12 12 -1 -1 -1 0 
268 2 109 17 13 13 -1 -1 -1 0 
268 3 96 11 13 13 -1 -1 -1 0 
269 0 79 189 15 14 -1 -1 -1 0 
269 1 228 130 15 13 -1 -1 -1 0 
269 2 110 17 11 12 -1 -1 -1 0 
269 3 97 12 12 12 -1 -1 -1 0 
270 0 80 189 14 14 -1 -1 -1 0 
270 1 228 129 14 13 -1 -1 -1 0 
270 2 109 16 13 14 -1 -1 -1 0 
270 3 97 11 13 12 -1 -1 -1 0 
271 0 79 189 15 14 -1 -1 -1 0 
271 1 229 129 12 12 -1 -1 -1 0 
271 2 109 16 13 13 -1 -1 -1 0 
271 3 98 12 11 10 -1 -1 -1 0 
272 0 80 189 14 14 -1 -1 -1 0 
272 1 228 128 14 13 -1 -1 -1 0 
272 2 109 17 12 12 -1 -1 -1 0 
272 3 98 11 11 11 -1 -1 -1 0 
273 0 82 190 13 13 -1 -1 -1 0 
273 1 228 129 13 12 -1 -1 -1 0 
273 2 109 18 12 11 -1 -1 -1 0 
273 3 97 10 13 12 -1 -1 -1 0 
274 0 81 189 13 13 -1 -1 -1 0 
274 1 228 127 15 14 -1 -1 -1 0 
274 2 109 19 11 10 -1 -1 -1 0 
274 3 97 11 12 12 -1 -1 -1 0 
275 0 80 190 13 12 -1 -1 -1 0 
275 1 228 127 14 14 -1 -1 -1 0 
275 3 97 11 11 11 -1 -1 -1 0 
275 5 109 16 13 12 -1 -1 -1 0 
276 0 80 188 13 14 -1 -1 -1 0 
276 1 227 127 14 14 -1 -1 -1 0 
276 3 94 11 14 12 -1 -1 -1 0 
276 5 108 17 14 12 -1 -1 -1 0 
277 0 80 189 14 14 -1 -1 -1 0 
277 1 228 127 13 13 -1 -1 -1 0 
277 3 96 12 11 12 -1 -1 -1 0 
277 5 110 18 11 11 -1 -1 -1 0 
278 0 80 189 14 14 -1 -1 -1 0 
278 1 228 128 13 11 -1 -1 -1 0 
278 3 96 11 13 13 -1 -1 -1 0 
278 5 109 17 13 12 -1 -1 -1 0 
279 0 80 189 14 14 -1 -1 -1 0 
279 1 229 128 11 11 -1 -1 -1 0 
279 3 96 12 14 12 -1 -1 -1 0 
279 5 110 17 12 12 -1 -1 -1 0 
280 0 80 189 14 14 -1 -1 -1 0 
280 1 229 127 13 12 -1 -1 -1 0 
280 3 98 13 11 13 -1 -1 -1 0 
280 5 110 16 12 13 -1 -1 -1 0 
281 0 80 190 14 14 -1 -1 -1 0 
281 1 227 126 15 14 -1 -1 -1 0 
281 2 97 15 11 10 -1 -1 -1 0 
281 3 98 14 12 13 -1 -1 -1 0 
282 0 79 190 16 14 -1 -1 -1 0 
282 1 227 126 15 13 -1 -1 -1 0 
282 2 97 15 11 11 -1 -1 -1 0 
282 3 109 16 14 12 -1 -1 -1 0 
283 0 80 190 14 14 -1 -1 -1 0 
283 1 228 127 13 12 -1 -1 -1 0 
283 2 96 14 13 13 -1 -1 -1 0 
283 3 111 17 13 12 -1 -1 -1 0 
284 0 80 191 13 13 -1 -1 -1 0 
284 1 228 128 13 12 -1 -1 -1 0 
284 2 95 14 13 12 -1 -1 -1 0 
284 5 110 15 12 11 -1 -1 -1 0 
285 0 80 190 12 13 -1 -1 -1 0 
285 1 227 126 14 14 -1 -1 -1 0 
285 2 95 12 14 12 -1 -1 -1 0 
285 5 109 14 13 13 -1 -1 -1 0 
286 0 79 190 14 15 -1 -1 -1 0 
286 1 227 126 15 14 -1 -1 -1 0 
286 2 95 11 13 12 -1 -1 -1 0 
286 5 109 14 13 12 -1 -1 -1 0 
287 0 78 190 16 15 -1 -1 -1 0 
287 1 228 127 13 13 -1 -1 -1 0 
287 2 95 11 13 12 -1 -1 -1 0 
287 5 109 13 14 12 -1 -1 -1 0 
288 0 79 190 14 15 -1 -1 -1 0 
288 1 227 125 14 15 -1 -1 -1 0 
288 2 96 12 12 12 -1 -1 -1 0 
288 3 111 14 11 13 -1 -1 -1 0 
289 0 79 190 15 13 -1 -1 -1 0 
289 1 227 126 15 13 -1 -1 -1 0 
289 2 95 11 13 13 -1 -1 -1 0 
289 3 109 13 14 13 -1 -1 -1 0 
290 0 80 191 12 11 -1 -1 -1 0 
290 1 228 127 12 11 -1 -1 -1 0 
290 2 95 11 13 12 -1 -1 -1 0 
290 3 110 13 12 12 -1 -1 -1 0 
291 0 79 190 13 12 -1 -1 -1 0 
291 1 227 126 13 11 -1 -1 -1 0 
291 2 95 11 13 12 -1 -1 -1 0 
291 3 109 12 13 13 -1 -1 -1 0 
292 0 79 189 14 13 -1 -1 -1 0 
292 1 228 124 12 13 -1 -1 -1 0 
292 2 94 12 14 12 -1 -1 -1 0 
292 3 109 12 13 12 -1 -1 -1 0 
293 0 78 190 14 12 -1 -1 -1 0 
293 1 227 124 15 14 -1 -1 -1 0 
293 2 95 12 13 12 -1 -1 -1 0 
293 3 110 11 12 12 -1 -1 -1 0 
294 0 78 189 16 14 -1 -1 -1 0 
294 1 227 124 14 13 -1 -1 -1 0 
294 2 96 11 12 12 -1 -1 -1 0 
294 3 110 11 12 12 -1 -1 -1 0 
295 0 78 190 14 13 -1 -1 -1 0 
295 1 229 125 11 11 -1 -1 -1 0 
295 2 95 11 13 12 -1 -1 -1 0 
295 3 110 12 12 13 -1 -1 -1 0 
296 0 78 191 14 12 -1 -1 -1 0 
296 1 229 124 11 12 -1 -1 -1 0 
296 2 96 11 12 12 -1 -1 -1 0 
296 3 109 13 15 13 -1 -1 -1 0 
297 0 78 190 15 14 -1 -1 -1 0 
297 1 227 123 14 14 -1 -1 -1 0 
297 2 96 11 13 12 -1 -1 -1 0 
297 3 110 14 13 13 -1 -1 -1 0 
298 0 77 190 15 14 -1 -1 -1 0 
298 1 227 124 15 14 -1 -1 -1 0 
298 2 97 11 12 12 -1 -1 -1 0 
298 3 111 15 12 12 -1 -1 -1 0 
299 0 78 190 15 14 -1 -1 -1 0 
299 1 228 124 13 14 -1 -1 -1 0 
299 2 98 11 12 12 -1 -1 -1 0 
299 3 112 14 11 12 -1 -1 -1 0 
300 0 79 190 14 13 -1 -1 -1 0 
300 1 227 125 14 12 -1 -1 -1 0 
300 2 98 12 11 12 -1 -1 -1 0 
300 3 112 14 12 13 -1 -1 -1 0 
301 0 77 189 16 15 -1 -1 -1 0 
301 1 228 123 14 13 -1 -1 -1 0 
301 2 98 11 12 14 -1 -1 -1 0 
301 3 111 13 13 13 -1 -1 -1 0 
302 0 78 189 15 14 -1 -1 -1 0 
302 1 228 123 14 14 -1 -1 -1 0 
302 3 112 13 11 13 -1 -1 -1 0 
302 5 96 9 12 12 -1 -1 -1 0 
303 0 78 189 13 13 -1 -1 -1 0 
303 1 228 123 13 14 -1 -1 -1 0 
303 3 110 13 13 14 -1 -1 -1 0 
303 5 96 10 11 12 -1 -1 -1 0 
304 0 77 189 17 15 -1 -1 -1 0 
304 1 227 122 13 14 -1 -1 -1 0 
304 3 111 13 11 13 -1 -1 -1 0 
304 5 96 10 11 12 -1 -1 -1 0 
305 0 77 189 16 15 -1 -1 -1 0 
305 1 229 123 14 12 -1 -1 -1 0 
305 3 110 12 14 15 -1 -1 -1 0 
305 5 96 11 12 12 -1 -1 -1 0 
306 0 77 190 15 13 -1 -1 -1 0 
306 1 231 124 10 11 -1 -1 -1 0 
306 2 110 13 14 13 -1 -1 -1 0 
306 3 111 12 13 15 -1 -1 -1 0 
307 0 80 190 12 12 -1 -1 -1 0 
307 1 230 123 13 12 -1 -1 -1 0 
307 2 110 14 14 13 -1 -1 -1 0 
307 5 97 12 10 10 -1 -1 -1 0 
308 0 78 190 15 14 -1 -1 -1 0 
308 1 228 123 15 13 -1 -1 -1 0 
308 2 110 14 14 13 -1 -1 -1 0 
308 3 93 10 14 13 -1 -1 -1 0 
309 0 78 190 13 13 -1 -1 -1 0 
309 1 228 123 13 13 -1 -1 -1 0 
309 2 112 14 11 13 -1 -1 -1 0 
309 3 92 9 13 13 -1 -1 -1 0 
310 0 78 189 14 14 -1 -1 -1 0 
310 1 229 123 14 12 -1 -1 -1 0 
310 2 110 13 13 14 -1 -1 -1 0 
310 3 93 10 14 12 -1 -1 -1 0 
311 0 78 189 14 14 -1 -1 -1 0 
311 1 229 123 13 12 -1 -1 -1 0 
311 2 110 14 13 13 -1 -1 -1 0 
311 3 92 10 13 12 -1 -1 -1 0 
312 0 79 190 13 13 -1 -1 -1 0 
312 1 229 123 13 13 -1 -1 -1 0 
312 2 111 15 11 12 -1 -1 -1 0 
312 5 93 11 14 12 -1 -1 -1 0 
313 0 78 190 14 13 -1 -1 -1 0 
313 1 227 122 15 13 -1 -1 -1 0 
313 2 111 13 11 13 -1 -1 -1 0 
313 3 94 11 12 12 -1 -1 -1 0 
314 0 80 191 12 11 -1 -1 -1 0 
314 1 228 123 13 12 -1 -1 -1 0 
314 2 110 12 14 13 -1 -1 -1 0 
314 3 93 10 13 13 -1 -1 -1 0 
315 0 78 191 13 11 -1 -1 -1 0 
315 1 227 122 13 13 -1 -1 -1 0 
315 2 111 13 11 12 -1 -1 -1 0 
315 3 95 10 12 13 -1 -1 -1 0 
316 0 79 191 12 11 -1 -1 -1 0 
316 1 226 122 16 14 -1 -1 -1 0 
316 2 110 13 13 13 -1 -1 -1 0 
316 3 94 10 13 13 -1 -1 -1 0 
317 0 79 190 12 13 -1 -1 -1 0 
317 1 227 123 14 14 -1 -1 -1 0 
317 2 110 13 12 12 -1 -1 -1 0 
317 3 93 10 14 12 -1 -1 -1 0 
318 0 78 190 15 13 -1 -1 -1 0 
318 1 228 123 12 13 -1 -1 -1 0 
318 2 110 13 14 13 -1 -1 -1 0 
318 3 95 11 12 11 -1 -1 -1 0 
319 0 78 189 14 14 -1 -1 -1 0 
319 1 228 124 12 12 -1 -1 -1 0 
319 2 110 13 14 14 -1 -1 -1 0 
319 3 94 10 13 12 -1 -1 -1 0 
320 0 78 190 15 14 -1 -1 -1 0 
320 1 227 123 14 14 -1 -1 -1 0 
320 2 109 14 14 13 -1 -1 -1 0 
320 5 96 12 11 11 -1 -1 -1 0 
321 0 78 190 15 13 -1 -1 -1 0 
321 1 227 123 14 14 -1 -1 -1 0 
321 2 109 14 13 13 -1 -1 -1 0 
321 3 95 11 11 12 -1 -1 -1 0 
322 0 78 190 14 12 -1 -1 -1 0 
322 1 227 123 15 14 -1 -1 -1 0 
322 2 109 14 12 12 -1 -1 -1 0 
322 3 94 12 12 12 -1 -1 -1 0 
323 0 78 190 14 13 -1 -1 -1 0 
323 1 228 124 14 13 -1 -1 -1 0 
323 2 108 14 13 13 -1 -1 -1 0 
323 3 93 12 12 12 -1 -1 -1 0 
324 0 79 190 13 13 -1 -1 -1 0 
324 1 228 124 14 12 -1 -1 -1 0 
324 2 108 15 13 12 -1 -1 -1 0 
324 3 93 13 11 12 -1 -1 -1 0 
325 0 79 190 12 12 -1 -1 -1 0 
325 1 229 124 12 14 -1 -1 -1 0 
325 2 107 14 14 13 -1 -1 -1 0 
325 3 91 12 14 13 -1 -1 -1 0 
326 0 78 190 15 14 -1 -1 -1 0 
326 1 228 124 14 14 -1 -1 -1 0 
326 2 108 15 12 12 -1 -1 -1 0 
326 3 91 12 13 13 -1 -1 -1 0 
327 0 79 191 13 13 -1 -1 -1 0 
327 1 227 123 11 14 -1 -1 -1 0 
327 2 108 15 12 12 -1 -1 -1 0 
327 3 92 13 13 12 -1 -1 -1 0 
328 0 77 190 15 14 -1 -1 -1 0 
328 1 229 123 12 13 -1 -1 -1 0 
328 2 109 14 12 12 -1 -1 -1 0 
328 3 92 12 13 13 -1 -1 -1 0 
329 0 77 190 14 13 -1 -1 -1 0 
329 1 228 123 13 14 -1 -1 -1 0 
329 2 107 13 14 14 -1 -1 -1 0 
329 3 91 12 14 13 -1 -1 -1 0 
330 0 79 190 12 12 -1 -1 -1 0 
330 1 227 123 13 14 -1 -1 -1 0 
330 2 108 14 14 13 -1 -1 -1 0 
330 3 92 11 14 14 -1 -1 -1 0 
331 0 77 191 14 13 -1 -1 -1 0 
331 1 228 123 13 13 -1 -1 -1 0 
331 2 109 14 11 12 -1 -1 -1 0 
331 3 91 10 14 13 -1 -1 -1 0 
332 0 78 192 12 12 -1 -1 -1 0 
332 1 229 124 12 11 -1 -1 -1 0 
332 2 107 13 14 13 -1 -1 -1 0 
332 3 92 10 14 13 -1 -1 -1 0 
333 0 77 191 17 14 -1 -1 -1 0 
333 1 228 124 12 11 -1 -1 -1 0 
333 2 108 13 13 13 -1 -1 -1 0 
333 3 93 10 12 12 -1 -1 -1 0 
334 0 78 190 14 14 -1 -1 -1 0 
334 1 228 124 12 12 -1 -1 -1 0 
334 2 108 14 13 13 -1 -1 -1 0 
334 3 92 10 13 12 -1 -1 -1 0 
335 0 77 192 14 13 -1 -1 -1 0 
335 1 228 123 13 14 -1 -1 -1 0 
335 2 108 14 14 13 -1 -1 -1 0 
335 3 92 9 14 13 -1 -1 -1 0 
336 0 77 192 14 13 -1 -1 -1 0 
336 1 227 123 14 14 -1 -1 -1 0 
336 2 107 13 15 13 -1 -1 -1 0 
336 3 92 10 13 13 -1 -1 -1 0 
337 0 77 190 13 14 -1 -1 -1 0 
337 1 229 123 12 13 -1 -1 -1 0 
337 2 107 12 15 13 -1 -1 -1 0 
337 3 93 11 13 12 -1 -1 -1 0 
338 0 77 191 15 14 -1 -1 -1 0 
338 1 228 122 14 14 -1 -1 -1 0 
338 2 106 11 15 13 -1 -1 -1 0 
338 3 93 11 12 11 -1 -1 -1 0 
339 0 78 191 14 13 -1 -1 -1 0 
339 1 228 123 14 11 -1 -1 -1 0 
339 2 106 10 14 13 -1 -1 -1 0 
339 3 92 10 14 12 -1 -1 -1 0 
340 0 78 191 14 14 -1 -1 -1 0 
340 1 229 124 13 12 -1 -1 -1 0 
340 2 106 10 13 12 -1 -1 -1 0 
340 3 92 10 13 12 -1 -1 -1 0 
341 0 77 191 15 13 -1 -1 -1 0 
341 1 227 122 15 14 -1 -1 -1 0 
341 2 92 10 13 12 -1 -1 -1 0 
341 3 92 10 12 12 -1 -1 -1 0 
342 0 78 191 14 13 -1 -1 -1 0 
342 1 228 121 13 14 -1 -1 -1 0 
342 2 94 11 10 11 -1 -1 -1 0 
342 5 105 11 14 12 -1 -1 -1 0 
343 0 78 191 12 12 -1 -1 -1 0 
343 1 227 122 15 14 -1 -1 -1 0 
343 2 93 10 11 12 -1 -1 -1 0 
343 5 105 11 14 13 -1 -1 -1 0 
344 0 78 190 15 14 -1 -1 -1 0 
344 1 227 122 15 14 -1 -1 -1 0 
344 2 92 10 12 12 -1 -1 -1 0 
344 5 106 11 13 13 -1 -1 -1 0 
345 0 79 190 13 14 -1 -1 -1 0 
345 1 227 121 14 14 -1 -1 -1 0 
345 2 91 10 12 12 -1 -1 -1 0 
345 3 92 11 14 12 -1 -1 -1 0 
346 0 78 190 13 15 -1 -1 -1 0 
346 1 227 122 15 14 -1 -1 -1 0 
346 2 93 12 13 11 -1 -1 -1 0 
346 3 92 12 14 10 -1 -1 -1 0 
347 0 77 190 15 15 -1 -1 -1 0 
347 1 227 123 14 13 -1 -1 -1 0 
347 2 94 12 10 11 -1 -1 -1 0 
347 5 105 11 14 13 -1 -1 -1 0 
348 0 77 189 16 15 -1 -1 -1 0 
348 1 228 123 12 12 -1 -1 -1 0 
348 2 93 12 12 11 -1 -1 -1 0 
348 5 107 12 11 12 -1 -1 -1 0 
349 0 77 190 15 14 -1 -1 -1 0 
349 1 227 122 14 14 -1 -1 -1 0 
349 2 93 11 13 13 -1 -1 -1 0 
349 3 107 12 11 10 -1 -1 -1 0 
350 0 77 190 14 14 -1 -1 -1 0 
350 1 226 122 16 14 -1 -1 -1 0 
350 2 93 11 13 13 -1 -1 -1 0 
350 3 108 12 12 10 -1 -1 -1 0 
351 0 78 191 12 13 -1 -1 -1 0 
351 1 228 123 12 13 -1 -1 -1 0 
351 2 95 12 12 12 -1 -1 -1 0 
351 5 108 12 12 12 -1 -1 -1 0 
352 0 77 191 14 14 -1 -1 -1 0 
352 1 227 123 14 13 -1 -1 -1 0 
352 2 96 13 10 11 -1 -1 -1 0 
352 5 107 11 14 13 -1 -1 -1 0 
353 0 77 191 15 14 -1 -1 -1 0 
353 1 227 123 14 12 -1 -1 -1 0 
353 2 95 13 13 12 -1 -1 -1 0 
353 5 108 11 14 12 -1 -1 -1 0 
354 0 79 191 13 13 -1 -1 -1 0 
354 1 227 123 12 11 -1 -1 -1 0 
354 2 97 13 11 12 -1 -1 -1 0 
354 5 110 10 11 12 -1 -1 -1 0 
355 0 78 191 15 14 -1 -1 -1 0 
355 1 226 122 15 13 -1 -1 -1 0 
355 2 95 12 14 12 -1 -1 -1 0 
355 3 111 11 11 11 -1 -1 -1 0 
356 0 77 190 15 14 -1 -1 -1 0 
356 1 228 122 12 12 -1 -1 -1 0 
356 2 96 11 13 13 -1 -1 -1 0 
356 3 112 10 12 12 -1 -1 -1 0 
357 0 78 190 13 13 -1 -1 -1 0 
357 1 226 121 15 13 -1 -1 -1 0 
357 2 97 11 12 12 -1 -1 -1 0 
357 3 110 11 11 12 -1 -1 -1 0 
358 0 77 190 14 14 -1 -1 -1 0 
358 1 227 121 12 12 -1 -1 -1 0 
358 2 96 11 11 11 -1 -1 -1 0 
358 3 110 12 14 13 -1 -1 -1 0 
359 0 77 191 14 14 -1 -1 -1 0 
359 1 226 120 15 14 -1 -1 -1 0 
359 2 95 10 11 11 -1 -1 -1 0 
359 3 110 11 13 13 -1 -1 -1 0 
360 0 77 190 15 14 -1 -1 -1 0 
360 1 225 121 15 13 -1 -1 -1 0 
360 2 94 10 12 11 -1 -1 -1 0 
360 3 110 10 13 13 -1 -1 -1 0 
361 0 77 190 15 13 -1 -1 -1 0 
361 1 227 121 13 12 -1 -1 -1 0 
361 3 110 10 13 13 -1 -1 -1 0 
361 5 93 10 13 13 -1 -1 -1 0 
362 0 78 191 12 11 -1 -1 -1 0 
362 1 226 120 14 13 -1 -1 -1 0 
362 2 93 11 13 11 -1 -1 -1 0 
362 3 110 9 12 13 -1 -1 -1 0 
363 0 78 191 13 11 -1 -1 -1 0 
363 1 226 121 14 12 -1 -1 -1 0 
363 2 92 10 14 12 -1 -1 -1 0 
363 3 109 8 14 13 -1 -1 -1 0 
364 0 78 191 12 12 -1 -1 -1 0 
364 1 225 120 15 14 -1 -1 -1 0 
364 3 109 9 14 13 -1 -1 -1 0 
364 5 93 10 12 12 -1 -1 -1 0 
365 0 78 191 14 13 -1 -1 -1 0 
365 1 226 120 14 13 -1 -1 -1 0 
365 2 110 7 13 13 -1 -1 -1 0 
365 3 110 9 13 12 -1 -1 -1 0 
366 0 80 191 12 12 -1 -1 -1 0 
366 1 225 120 14 13 -1 -1 -1 0 
366 2 110 6 14 13 -1 -1 -1 0 
366 5 93 10 13 12 -1 -1 -1 0 
367 0 79 191 15 13 -1 -1 -1 0 
367 1 226 120 13 13 -1 -1 -1 0 
367 2 111 5 13 13 -1 -1 -1 0 
367 3 95 10 13 12 -1 -1 -1 0 
368 0 79 192 13 11 -1 -1 -1 0 
368 1 224 120 15 13 -1 -1 -1 0 
368 2 111 5 14 13 -1 -1 -1 0 
368 3 93 11 13 12 -1 -1 -1 0 
369 0 80 192 12 11 -1 -1 -1 0 
369 1 225 120 12 12 -1 -1 -1 0 
369 2 112 5 13 13 -1 -1 -1 0 
369 5 94 11 14 13 -1 -1 -1 0 
370 0 80 192 12 11 -1 -1 -1 0 
370 1 224 118 14 14 -1 -1 -1 0 
370 2 112 6 13 12 -1 -1 -1 0 
370 5 95 11 12 12 -1 -1 -1 0 
371 0 80 191 12 11 -1 -1 -1 0 
371 1 225 118 12 13 -1 -1 -1 0 
371 2 113 6 12 12 -1 -1 -1 0 
371 3 93 11 13 12 -1 -1 -1 0 
372 0 80 191 12 11 -1 -1 -1 0 
372 1 224 118 14 14 -1 -1 -1 0 
372 2 113 6 12 13 -1 -1 -1 0 
372 3 93 11 13 12 -1 -1 -1 0 
373 0 81 191 11 11 -1 -1 -1 0 
373 1 225 119 14 13 -1 -1 -1 0 
373 2 112 6 14 13 -1 -1 -1 0 
373 3 93 11 13 12 -1 -1 -1 0 
374 0 79 190 13 12 -1 -1 -1 0 
374 1 225 119 13 12 -1 -1 -1 0 
374 2 112 6 14 13 -1 -1 -1 0 
374 3 94 11 12 12 -1 -1 -1 0 
375 0 80 189 13 13 -1 -1 -1 0 
375 1 224 118 15 14 -1 -1 -1 0 
375 2 113 6 13 13 -1 -1 -1 0 
375 3 93 10 14 14 -1 -1 -1 0 
376 0 78 189 15 15 -1 -1 -1 0 
376 1 225 118 15 14 -1 -1 -1 0 
376 2 113 6 13 13 -1 -1 -1 0 
376 3 93 11 13 13 -1 -1 -1 0 
377 0 78 190 16 14 -1 -1 -1 0 
377 1 225 118 14 14 -1 -1 -1 0 
377 2 113 6 12 12 -1 -1 -1 0 
377 3 92 10 15 12 -1 -1 -1 0 
378 0 79 189 14 14 -1 -1 -1 0 
378 1 224 118 14 14 -1 -1 -1 0 
378 2 113 5 13 13 -1 -1 -1 0 
378 3 93 9 13 12 -1 -1 -1 0 
379 0 79 190 14 13 -1 -1 -1 0 
379 1 224 118 15 14 -1 -1 -1 0 
379 2 113 5 13 13 -1 -1 -1 0 
379 3 94 9 13 12 -1 -1 -1 0 
380 0 80 191 12 12 -1 -1 -1 0 
380 1 224 118 14 14 -1 -1 -1 0 
380 2 112 5 15 13 -1 -1 -1 0 
380 3 95 9 12 12 -1 -1 -1 0 
381 0 79 190 14 14 -1 -1 -1 0 
381 1 224 119 15 13 -1 -1 -1 0 
381 2 113 5 14 13 -1 -1 -1 0 
381 3 95 10 12 12 -1 -1 -1 0 
382 0 78 189 15 14 -1 -1 -1 0 
382 1 225 120 13 13 -1 -1 -1 0 
382 2 113 5 13 13 -1 -1 -1 0 
382 3 94 10 13 12 -1 -1 -1 0 
383 0 79 190 14 14 -1 -1 -1 0 
383 1 223 120 15 14 -1 -1 -1 0 
383 2 112 6 15 13 -1 -1 -1 0 
383 3 94 11 12 10 -1 -1 -1 0 
384 0 79 189 14 13 -1 -1 -1 0 
384 1 223 120 13 12 -1 -1 -1 0 
384 2 114 7 13 13 -1 -1 -1 0 
384 3 96 10 11 11 -1 -1 -1 0 
385 0 79 190 13 12 -1 -1 -1 0 
385 1 224 120 11 12 -1 -1 -1 0 
385 2 115 7 13 13 -1 -1 -1 0 
385 3 95 9 12 12 -1 -1 -1 0 
386 0 78 189 14 13 -1 -1 -1 0 
386 1 222 120 15 13 -1 -1 -1 0 
386 2 116 6 11 13 -1 -1 -1 0 
386 5 96 9 13 12 -1 -1 -1 0 
387 0 79 190 12 13 -1 -1 -1 0 
387 1 222 120 14 13 -1 -1 -1 0 
387 2 115 6 14 13 -1 -1 -1 0 
387 5 97 9 13 12 -1 -1 -1 0 
388 0 79 189 14 13 -1 -1 -1 0 
388 1 222 120 13 13 -1 -1 -1 0 
388 2 115 6 14 12 -1 -1 -1 0 
388 3 97 9 13 13 -1 -1 -1 0 
389 0 79 190 12 12 -1 -1 -1 0 
389 1 224 120 10 12 -1 -1 -1 0 
389 2 115 7 12 10 -1 -1 -1 0 
389 3 97 8 14 15 -1 -1 -1 0 
390 0 78 189 13 14 -1 -1 -1 0 
390 1 222 119 13 14 -1 -1 -1 0 
390 2 116 7 12 11 -1 -1 -1 0 
390 3 97 8 14 15 -1 -1 -1 0 
391 0 78 190 14 13 -1 -1 -1 0 
391 1 222 119 13 13 -1 -1 -1 0 
391 2 115 7 13 12 -1 -1 -1 0 
391 3 98 8 13 15 -1 -1 -1 0 
392 0 79 190 12 12 -1 -1 -1 0 
392 1 221 119 16 13 -1 -1 -1 0 
392 2 114 4 13 14 -1 -1 -1 0 
392 3 96 8 14 14 -1 -1 -1 0 
393 0 78 189 14 14 -1 -1 -1 0 
393 1 222 119 14 13 -1 -1 -1 0 
393 2 113 4 14 13 -1 -1 -1 0 
393 3 96 9 14 13 -1 -1 -1 0 
394 0 77 189 14 14 -1 -1 -1 0 
394 1 223 119 14 12 -1 -1 -1 0 
394 2 113 4 14 13 -1 -1 -1 0 
394 3 97 10 12 11 -1 -1 -1 0 
395 0 77 189 15 14 -1 -1 -1 0 
395 1 224 119 11 11 -1 -1 -1 0 
395 2 113 5 13 13 -1 -1 -1 0 
395 3 96 10 12 11 -1 -1 -1 0 
396 0 77 189 15 14 -1 -1 -1 0 
396 1 222 119 13 12 -1 -1 -1 0 
396 2 113 5 12 14 -1 -1 -1 0 
396 3 97 10 11 13 -1 -1 -1 0 
397 0 78 188 15 14 -1 -1 -1 0 
397 1 221 118 14 14 -1 -1 -1 0 
397 3 97 10 12 13 -1 -1 -1 0 
397 5 114 6 13 12 -1 -1 -1 0 
398 0 79 189 13 13 -1 -1 -1 0 
398 1 220 118 15 14 -1 -1 -1 0 
398 2 113 5 13 14 -1 -1 -1 0 
398 3 96 11 14 13 -1 -1 -1 0 
399 0 79 188 14 15 -1 -1 -1 0 
399 1 220 118 14 14 -1 -1 -1 0 
399 2 112 6 14 13 -1 -1 -1 0 
399 3 97 11 11 12 -1 -1 -1 0 
400 0 78 188 15 15 -1 -1 -1 0 
400 1 221 118 15 15 -1 -1 -1 0 
400 2 111 7 14 13 -1 -1 -1 0 
400 3 95 10 13 12 -1 -1 -1 0 
401 0 78 189 15 13 -1 -1 -1 0 
401 1 220 118 15 14 -1 -1 -1 0 
401 2 111 8 13 12 -1 -1 -1 0 
401 3 95 10 12 12 -1 -1 -1 0 
402 0 79 190 12 11 -1 -1 -1 0 
402 1 221 119 14 13 -1 -1 -1 0 
402 3 96 11 11 12 -1 -1 -1 0 
402 5 110 3 14 13 -1 -1 -1 0 
403 0 78 190 13 11 -1 -1 -1 0 
403 1 222 119 13 12 -1 -1 -1 0 
403 3 94 10 14 13 -1 -1 -1 0 
403 5 111 3 12 13 -1 -1 -1 0 
404 0 79 189 12 12 -1 -1 -1 0 
404 1 222 118 13 12 -1 -1 -1 0 
404 2 96 11 12 12 -1 -1 -1 0 
404 3 94 11 13 12 -1 -1 -1 0 
405 0 79 189 13 13 -1 -1 -1 0 
405 1 223 118 12 13 -1 -1 -1 0 
405 2 96 12 12 12 -1 -1 -1 0 
405 5 112 4 11 14 -1 -1 -1 0 
406 0 79 190 12 11 -1 -1 -1 0 
406 1 223 117 14 14 -1 -1 -1 0 
406 2 95 12 12 12 -1 -1 -1 0 
406 3 96 11 11 12 -1 -1 -1 0 
407 0 78 190 13 12 -1 -1 -1 0 
407 1 222 117 15 14 -1 -1 -1 0 
407 2 96 12 12 12 -1 -1 -1 0 
407 3 95 11 13 13 -1 -1 -1 0 
408 0 78 189 14 13 -1 -1 -1 0 
408 1 222 117 15 13 -1 -1 -1 0 
408 2 97 12 12 12 -1 -1 -1 0 
408 5 110 6 12 12 -1 -1 -1 0 
409 0 79 190 13 12 -1 -1 -1 0 
409 1 224 118 12 11 -1 -1 -1 0 
409 2 97 12 12 12 -1 -1 -1 0 
409 5 109 6 13 11 -1 -1 -1 0 
410 0 78 189 15 13 -1 -1 -1 0 
410 1 224 118 12 11 -1 -1 -1 0 
410 2 98 12 12 12 -1 -1 -1 0 
410 5 111 6 11 11 -1 -1 -1 0 
411 0 78 190 14 12 -1 -1 -1 0 
411 1 223 118 12 11 -1 -1 -1 0 
411 2 99 11 12 12 -1 -1 -1 0 
411 5 112 6 11 13 -1 -1 -1 0 
412 0 78 189 15 13 -1 -1 -1 0 
412 1 222 117 14 12 -1 -1 -1 0 
412 2 99 12 11 11 -1 -1 -1 0 
412 3 98 9 15 12 -1 -1 -1 0 
413 0 79 189 13 13 -1 -1 -1 0 
413 1 223 117 13 12 -1 -1 -1 0 
413 3 100 8 12 12 -1 -1 -1 0 
413 5 114 9 13 12 -1 -1 -1 0 
414 0 79 190 12 11 -1 -1 -1 0 
414 1 221 118 14 12 -1 -1 -1 0 
414 2 101 9 11 11 -1 -1 -1 0 
414 3 100 7 13 12 -1 -1 -1 0 
415 0 78 190 14 12 -1 -1 -1 0 
415 1 223 119 12 10 -1 -1 -1 0 
415 2 102 7 10 12 -1 -1 -1 0 
415 5 113 9 13 12 -1 -1 -1 0 
416 0 79 189 12 13 -1 -1 -1 0 
416 1 223 118 13 12 -1 -1 -1 0 
416 2 100 6 13 12 -1 -1 -1 0 
416 5 113 9 13 12 -1 -1 -1 0 
417 0 78 189 14 14 -1 -1 -1 0 
417 1 222 117 14 14 -1 -1 -1 0 
417 2 100 7 13 12 -1 -1 -1 0 
417 5 113 10 13 12 -1 -1 -1 0 
418 0 78 189 15 14 -1 -1 -1 0 
418 1 223 117 13 13 -1 -1 -1 0 
418 2 101 7 12 12 -1 -1 -1 0 
418 3 113 8 12 13 -1 -1 -1 0 
419 0 78 189 15 14 -1 -1 -1 0 
419 1 221 117 14 13 -1 -1 -1 0 
419 2 99 5 11 13 -1 -1 -1 0 
419 3 114 8 13 14 -1 -1 -1 0 
420 0 78 189 15 14 -1 -1 -1 0 
420 1 222 119 12 12 -1 -1 -1 0 
420 2 96 4 13 13 -1 -1 -1 0 
420 5 114 10 12 12 -1 -1 -1 0 
421 0 77 189 15 14 -1 -1 -1 0 
421 1 224 116 11 13 -1 -1 -1 0 
421 2 97 4 11 13 -1 -1 -1 0 
421 3 113 8 15 14 -1 -1 -1 0 
422 0 78 189 14 14 -1 -1 -1 0 
422 1 221 117 15 14 -1 -1 -1 0 
422 2 95 4 14 13 -1 -1 -1 0 
422 3 114 8 13 13 -1 -1 -1 0 
423 0 77 189 15 14 -1 -1 -1 0 
423 1 221 117 14 13 -1 -1 -1 0 
423 2 94 4 14 13 -1 -1 -1 0 
423 3 113 7 14 13 -1 -1 -1 0 
424 0 78 190 13 13 -1 -1 -1 0 
424 1 221 117 15 13 -1 -1 -1 0 
424 2 95 5 13 13 -1 -1 -1 0 
424 3 112 7 15 13 -1 -1 -1 0 
425 0 77 189 15 14 -1 -1 -1 0 
425 1 222 117 14 13 -1 -1 -1 0 
425 2 94 6 14 13 -1 -1 -1 0 
425 3 112 6 15 13 -1 -1 -1 0 
426 0 78 188 13 14 -1 -1 -1 0 
426 1 223 117 11 12 -1 -1 -1 0 
426 2 95 7 13 13 -1 -1 -1 0 
426 3 111 7 14 13 -1 -1 -1 0 
427 0 78 189 14 13 -1 -1 -1 0 
427 1 224 118 12 13 -1 -1 -1 0 
427 2 94 6 14 13 -1 -1 -1 0 
427 3 111 7 14 13 -1 -1 -1 0 
428 0 78 190 13 13 -1 -1 -1 0 
428 1 222 117 15 15 -1 -1 -1 0 
428 2 94 7 14 12 -1 -1 -1 0 
428 3 111 7 14 13 -1 -1 -1 0 
429 0 78 189 15 14 -1 -1 -1 0 
429 1 223 119 12 13 -1 -1 -1 0 
429 2 95 8 11 11 -1 -1 -1 0 
429 3 112 8 13 13 -1 -1 -1 0 
430 0 78 190 14 13 -1 -1 -1 0 
430 1 221 119 14 12 -1 -1 -1 0 
430 2 94 7 13 12 -1 -1 -1 0 
430 3 110 7 13 13 -1 -1 -1 0 
431 0 79 190 13 12 -1 -1 -1 0 
431 1 220 118 16 14 -1 -1 -1 0 
431 2 94 7 13 12 -1 -1 -1 0 
431 3 109 6 14 13 -1 -1 -1 0 
432 0 78 189 15 14 -1 -1 -1 0 
432 1 220 118 14 14 -1 -1 -1 0 
432 2 94 8 13 12 -1 -1 -1 0 
432 3 108 7 14 13 -1 -1 -1 0 
433 0 77 190 15 13 -1 -1 -1 0 
433 1 220 119 14 14 -1 -1 -1 0 
433 2 94 8 12 12 -1 -1 -1 0 
433 3 108 8 13 13 -1 -1 -1 0 
434 0 78 190 13 13 -1 -1 -1 0 
434 1 220 119 13 13 -1 -1 -1 0 
434 2 94 8 12 12 -1 -1 -1 0 
434 5 108 8 12 12 -1 -1 -1 0 
435 0 77 190 14 14 -1 -1 -1 0 
435 1 219 118 14 14 -1 -1 -1 0 
435 2 94 8 12 12 -1 -1 -1 0 
435 3 107 8 14 13 -1 -1 -1 0 
436 0 78 189 14 14 -1 -1 -1 0 
436 1 220 117 13 13 -1 -1 -1 0 
436 2 94 8 13 12 -1 -1 -1 0 
436 3 107 9 13 13 -1 -1 -1 0 
437 0 77 189 15 15 -1 -1 -1 0 
437 1 218 117 15 14 -1 -1 -1 0 
437 2 95 8 10 12 -1 -1 -1 0 
437 3 107 8 13 13 -1 -1 -1 0 
438 0 77 190 14 13 -1 -1 -1 0 
438 1 218 117 16 14 -1 -1 -1 0 
438 2 93 8 13 13 -1 -1 -1 0 
438 3 107 8 12 13 -1 -1 -1 0 
439 0 78 191 13 11 -1 -1 -1 0 
439 1 218 118 14 13 -1 -1 -1 0 
439 2 93 8 13 12 -1 -1 -1 0 
439 3 107 8 13 13 -1 -1 -1 0 
440 0 78 191 13 12 -1 -1 -1 0 
440 1 219 118 11 12 -1 -1 -1 0 
440 2 93 8 13 12 -1 -1 -1 0 
440 3 107 8 12 13 -1 -1 -1 0 
441 0 78 190 14 13 -1 -1 -1 0 
441 1 218 119 13 13 -1 -1 -1 0 
441 2 93 8 13 12 -1 -1 -1 0 
441 5 107 8 12 12 -1 -1 -1 0 
442 0 78 190 12 13 -1 -1 -1 0 
442 1 218 118 14 13 -1 -1 -1 0 
442 2 95 7 11 12 -1 -1 -1 0 
442 5 107 8 12 12 -1 -1 -1 0 
443 0 77 190 16 14 -1 -1 -1 0 
443 1 218 119 12 11 -1 -1 -1 0 
443 2 94 7 13 13 -1 -1 -1 0 
443 3 107 8 13 13 -1 -1 -1 0 
444 0 78 191 14 13 -1 -1 -1 0 
444 1 218 118 12 13 -1 -1 -1 0 
444 2 95 9 12 12 -1 -1 -1 0 
444 3 107 9 13 13 -1 -1 -1 0 
445 0 79 191 13 12 -1 -1 -1 0 
445 1 217 118 14 13 -1 -1 -1 0 
445 2 95 9 12 12 -1 -1 -1 0 
445 3 107 9 14 13 -1 -1 -1 0 
446 0 78 191 14 11 -1 -1 -1 0 
446 1 219 118 12 12 -1 -1 -1 0 
446 2 94 9 13 13 -1 -1 -1 0 
446 3 107 10 13 12 -1 -1 -1 0 
447 0 79 190 13 13 -1 -1 -1 0 
447 1 217 117 14 14 -1 -1 -1 0 
447 2 95 9 12 12 -1 -1 -1 0 
447 5 107 8 14 13 -1 -1 -1 0 
448 0 79 190 14 14 -1 -1 -1 0 
448 1 217 118 14 13 -1 -1 -1 0 
448 2 95 9 12 12 -1 -1 -1 0 
448 5 108 8 13 12 -1 -1 -1 0 
449 0 80 191 12 13 -1 -1 -1 0 
449 1 218 118 14 13 -1 -1 -1 0 
449 2 94 9 14 12 -1 -1 -1 0 
449 5 109 7 12 12 -1 -1 -1 0 
450 0 79 191 14 14 -1 -1 -1 0 
450 1 218 118 12 12 -1 -1 -1 0 
450 2 95 9 12 12 -1 -1 -1 0 
450 3 110 9 11 12 -1 -1 -1 0 
451 0 79 191 14 13 -1 -1 -1 0 
451 1 217 117 15 14 -1 -1 -1 0 
451 2 95 9 11 12 -1 -1 -1 0 
451 3 108 8 14 13 -1 -1 -1 0 
452 0 80 191 12 12 -1 -1 -1 0 
452 1 218 117 14 14 -1 -1 -1 0 
452 2 94 9 13 13 -1 -1 -1 0 
452 3 110 9 11 11 -1 -1 -1 0 
453 0 79 190 14 14 -1 -1 -1 0 
453 1 218 116 14 14 -1 -1 -1 0 
453 3 110 9 11 12 -1 -1 -1 0 
453 5 95 9 11 11 -1 -1 -1 0 
454 0 78 191 14 13 -1 -1 -1 0 
454 1 217 117 15 14 -1 -1 -1 0 
454 3 109 10 12 12 -1 -1 -1 0 
454 5 94 8 12 12 -1 -1 -1 0 
455 0 78 192 13 11 -1 -1 -1 0 
455 1 217 118 15 13 -1 -1 -1 0 
455 3 108 9 14 13 -1 -1 -1 0 
455 5 95 8 12 12 -1 -1 -1 0 
456 0 78 192 13 11 -1 -1 -1 0 
456 1 218 119 13 11 -1 -1 -1 0 
456 2 95 8 12 13 -1 -1 -1 0 
456 3 108 10 12 12 -1 -1 -1 0 
457 0 78 191 14 12 -1 -1 -1 0 
457 1 219 118 12 11 -1 -1 -1 0 
457 2 96 7 11 14 -1 -1 -1 0 
457 3 109 8 11 13 -1 -1 -1 0 
458 0 80 192 11 11 -1 -1 -1 0 
458 1 219 118 13 12 -1 -1 -1 0 
458 3 107 8 15 13 -1 -1 -1 0 
458 5 95 8 12 12 -1 -1 -1 0 
459 0 80 192 12 12 -1 -1 -1 0 
459 1 218 117 14 14 -1 -1 -1 0 
459 3 108 8 13 14 -1 -1 -1 0 
459 5 94 9 13 12 -1 -1 -1 0 
460 0 78 191 16 14 -1 -1 -1 0 
460 1 219 117 13 14 -1 -1 -1 0 
460 2 95 8 13 13 -1 -1 -1 0 
460 3 108 8 14 13 -1 -1 -1 0 
461 0 79 191 14 13 -1 -1 -1 0 
461 1 219 118 13 13 -1 -1 -1 0 
461 2 96 9 12 13 -1 -1 -1 0 
461 3 108 7 13 13 -1 -1 -1 0 
462 0 79 191 13 13 -1 -1 -1 0 
462 1 218 117 11 12 -1 -1 -1 0 
462 3 109 9 13 12 -1 -1 -1 0 
462 5 97 10 11 12 -1 -1 -1 0 
463 0 81 192 11 12 -1 -1 -1 0 
463 1 220 119 12 11 -1 -1 -1 0 
463 3 110 10 11 12 -1 -1 -1 0 
463 5 96 10 12 12 -1 -1 -1 0 
464 0 78 191 14 14 -1 -1 -1 0 
464 1 219 118 13 12 -1 -1 -1 0 
464 2 108 9 13 13 -1 -1 -1 0 
464 3 110 10 12 12 -1 -1 -1 0 
465 0 79 191 12 13 -1 -1 -1 0 
465 1 218 117 15 14 -1 -1 -1 0 
465 2 109 10 11 12 -1 -1 -1 0 
465 5 95 9 13 11 -1 -1 -1 0 
466 0 78 192 14 13 -1 -1 -1 0 
466 1 219 118 14 13 -1 -1 -1 0 
466 2 110 11 11 12 -1 -1 -1 0 
466 3 97 9 11 12 -1 -1 -1 0 
467 0 79 192 12 12 -1 -1 -1 0 
467 1 219 119 14 13 -1 -1 -1 0 
467 2 109 11 12 12 -1 -1 -1 0 
467 3 95 9 12 13 -1 -1 -1 0 
468 0 78 191 15 14 -1 -1 -1 0 
468 1 220 120 12 12 -1 -1 -1 0 
468 2 109 12 10 11 -1 -1 -1 0 
468 5 95 6 12 12 -1 -1 -1 0 
469 0 77 191 14 14 -1 -1 -1 0 
469 1 220 119 14 14 -1 -1 -1 0 
469 2 109 12 11 11 -1 -1 -1 0 
469 3 108 10 13 12 -1 -1 -1 0 
470 0 78 191 14 14 -1 -1 -1 0 
470 1 220 119 13 13 -1 -1 -1 0 
470 3 109 11 11 12 -1 -1 -1 0 
470 5 96 6 12 12 -1 -1 -1 0 
471 0 78 192 15 13 -1 -1 -1 0 
471 1 219 118 14 13 -1 -1 -1 0 
471 3 110 12 11 12 -1 -1 -1 0 
471 5 96 7 13 12 -1 -1 -1 0 
472 0 79 193 12 13 -1 -1 -1 0 
472 1 220 119 12 12 -1 -1 -1 0 
472 2 110 13 11 11 -1 -1 -1 0 
472 3 110 13 12 12 -1 -1 -1 0 
473 0 78 192 14 14 -1 -1 -1 0 
473 1 219 119 14 13 -1 -1 -1 0 
473 2 110 13 12 12 -1 -1 -1 0 
473 3 109 13 12 12 -1 -1 -1 0 
474 0 78 192 15 14 -1 -1 -1 0 
474 1 220 119 13 13 -1 -1 -1 0 
474 3 109 13 12 12 -1 -1 -1 0 
474 5 95 6 13 12 -1 -1 -1 0 
475 0 78 192 16 14 -1 -1 -1 0 
475 1 220 120 14 12 -1 -1 -1 0 
475 2 109 11 11 13 -1 -1 -1 0 
475 3 109 13 13 13 -1 -1 -1 0 
476 0 78 192 14 14 -1 -1 -1 0 
476 1 220 120 13 11 -1 -1 -1 0 
476 2 108 11 14 13 -1 -1 -1 0 
476 5 93 6 13 12 -1 -1 -1 0 
477 0 78 192 15 14 -1 -1 -1 0 
477 1 219 120 13 12 -1 -1 -1 0 
477 2 109 12 13 12 -1 -1 -1 0 
477 3 108 11 13 13 -1 -1 -1 0 
478 0 79 192 14 14 -1 -1 -1 0 
478 1 220 119 13 13 -1 -1 -1 0 
478 2 108 11 13 12 -1 -1 -1 0 
478 3 95 10 13 12 -1 -1 -1 0 
479 0 78 193 15 14 -1 -1 -1 0 
479 1 219 119 14 13 -1 -1 -1 0 
479 2 110 11 11 13 -1 -1 -1 0 
479 3 94 9 12 12 -1 -1 -1 0 
480 0 78 193 14 14 -1 -1 -1 0 
480 1 220 119 12 13 -1 -1 -1 0 
480 2 110 12 13 13 -1 -1 -1 0 
480 3 95 8 11 13 -1 -1 -1 0 
481 0 77 193 15 14 -1 -1 -1 0 
481 1 218 118 15 14 -1 -1 -1 0 
481 2 110 12 12 12 -1 -1 -1 0 
481 3 95 7 12 13 -1 -1 -1 0 
482 0 78 192 14 14 -1 -1 -1 0 
482 1 218 118 15 14 -1 -1 -1 0 
482 2 109 12 14 13 -1 -1 -1 0 
482 3 95 6 11 13 -1 -1 -1 0 
483 0 79 192 13 13 -1 -1 -1 0 
483 1 218 119 14 13 -1 -1 -1 0 
483 2 109 12 13 13 -1 -1 -1 0 
483 5 95 7 12 12 -1 -1 -1 0 
484 0 79 193 13 12 -1 -1 -1 0 
484 1 220 119 12 12 -1 -1 -1 0 
484 2 108 11 14 13 -1 -1 -1 0 
484 5 96 6 10 13 -1 -1 -1 0 
485 0 78 193 14 13 -1 -1 -1 0 
485 1 220 120 12 11 -1 -1 -1 0 
485 2 108 12 13 12 -1 -1 -1 0 
485 5 94 7 13 12 -1 -1 -1 0 
486 0 79 192 14 13 -1 -1 -1 0 
486 1 220 119 12 12 -1 -1 -1 0 
486 2 108 12 12 12 -1 -1 -1 0 
486 5 95 8 12 11 -1 -1 -1 0 
487 0 78 194 13 12 -1 -1 -1 0 
487 1 219 119 14 14 -1 -1 -1 0 
487 2 109 12 11 13 -1 -1 -1 0 
487 5 96 7 10 12 -1 -1 -1 0 
488 0 77 193 15 13 -1 -1 -1 0 
488 1 219 119 15 14 -1 -1 -1 0 
488 2 109 12 12 13 -1 -1 -1 0 
488 5 95 7 13 13 -1 -1 -1 0 
489 0 78 192 13 13 -1 -1 -1 0 
489 1 219 119 15 14 -1 -1 -1 0 
489 2 109 13 13 12 -1 -1 -1 0 
489 5 95 7 13 13 -1 -1 -1 0 
490 0 78 192 14 13 -1 -1 -1 0 
490 1 219 120 15 13 -1 -1 -1 0 
490 2 109 13 12 12 -1 -1 -1 0 
490 5 94 7 14 12 -1 -1 -1 0 
491 0 79 192 13 12 -1 -1 -1 0 
491 1 220 121 13 12 -1 -1 -1 0 
491 2 108 13 14 13 -1 -1 -1 0 
491 3 95 6 13 13 -1 -1 -1 0 
492 0 79 191 14 14 -1 -1 -1 0 
492 1 220 120 12 13 -1 -1 -1 0 
492 2 109 14 13 12 -1 -1 -1 0 
492 3 95 6 12 13 -1 -1 -1 0 
493 0 78 193 15 13 -1 -1 -1 0 
493 1 219 120 15 14 -1 -1 -1 0 
493 2 109 15 13 12 -1 -1 -1 0 
493 5 97 7 11 11 -1 -1 -1 0 
494 0 79 193 12 12 -1 -1 -1 0 
494 1 219 120 15 13 -1 -1 -1 0 
494 2 109 14 13 12 -1 -1 -1 0 
494 5 96 7 12 12 -1 -1 -1 0 
495 0 79 192 14 14 -1 -1 -1 0 
495 1 220 120 12 12 -1 -1 -1 0 
495 2 108 14 13 12 -1 -1 -1 0 
495 3 94 6 14 13 -1 -1 -1 0 
496 0 79 193 13 13 -1 -1 -1 0 
496 1 219 119 14 14 -1 -1 -1 0 
496 2 108 14 12 11 -1 -1 -1 0 
496 3 94 6 13 12 -1 -1 -1 0 
497 0 79 193 13 13 -1 -1 -1 0 
497 1 220 119 14 14 -1 -1 -1 0 
497 2 107 14 14 12 -1 -1 -1 0 
497 5 93 4 13 13 -1 -1 -1 0 
498 0 79 192 13 13 -1 -1 -1 0 
498 1 219 120 14 14 -1 -1 -1 0 
498 2 107 14 13 12 -1 -1 -1 0 
498 3 92 7 13 11 -1 -1 -1 0 
499 0 78 193 15 14 -1 -1 -1 0 
499 1 220 120 14 13 -1 -1 -1 0 
499 2 108 12 12 13 -1 -1 -1 0 
499 3 94 8 12 11 -1 -1 -1 0 
500 0 78 193 14 13 -1 -1 -1 0 
500 1 220 120 13 13 -1 -1 -1 0 
500 2 108 13 13 12 -1 -1 -1 0 
500 3 94 8 12 12 -1 -1 -1 0 
501 0 79 194 11 12 -1 -1 -1 0 
501 1 219 120 15 14 -1 -1 -1 0 
501 2 108 12 12 12 -1 -1 -1 0 
501 3 93 8 13 13 -1 -1 -1 0 
502 0 78 193 15 14 -1 -1 -1 0 
502 1 219 120 14 13 -1 -1 -1 0 
502 2 107 11 13 14 -1 -1 -1 0 
502 3 92 8 14 13 -1 -1 -1 0 
503 0 78 193 15 14 -1 -1 -1 0 
503 1 220 120 13 12 -1 -1 -1 0 
503 2 107 11 14 14 -1 -1 -1 0 
503 3 92 8 13 13 -1 -1 -1 0 
504 0 79 193 14 13 -1 -1 -1 0 
504 1 219 120 13 13 -1 -1 -1 0 
504 2 106 12 14 14 -1 -1 -1 0 
504 3 92 8 12 13 -1 -1 -1 0 
505 0 79 194 13 11 -1 -1 -1 0 
505 1 221 120 12 13 -1 -1 -1 0 
505 2 105 12 15 13 -1 -1 -1 0 
505 5 92 8 13 12 -1 -1 -1 0 
506 0 79 194 12 12 -1 -1 -1 0 
506 1 220 120 14 14 -1 -1 -1 0 
506 2 105 11 15 13 -1 -1 -1 0 
506 5 93 8 11 12 -1 -1 -1 0 
507 0 80 193 12 13 -1 -1 -1 0 
507 1 219 119 14 14 -1 -1 -1 0 
507 2 107 12 11 12 -1 -1 -1 0 
507 5 92 8 13 13 -1 -1 -1 0 
508 0 78 193 15 15 -1 -1 -1 0 
508 1 220 119 14 13 -1 -1 -1 0 
508 2 106 11 12 14 -1 -1 -1 0 
508 3 105 8 12 14 -1 -1 -1 0 
509 0 78 193 15 14 -1 -1 -1 0 
509 1 221 119 12 12 -1 -1 -1 0 
509 2 105 10 13 12 -1 -1 -1 0 
509 3 106 9 13 14 -1 -1 -1 0 
510 0 78 193 15 14 -1 -1 -1 0 
510 1 220 120 13 12 -1 -1 -1 0 
510 2 107 9 11 12 -1 -1 -1 0 
510 5 92 9 12 12 -1 -1 -1 0 
511 0 77 193 16 14 -1 -1 -1 0 
511 1 221 120 12 12 -1 -1 -1 0 
511 2 106 8 15 12 -1 -1 -1 0 
511 5 93 8 13 13 -1 -1 -1 0 
512 0 78 193 14 14 -1 -1 -1 0 
512 1 219 119 15 14 -1 -1 -1 0 
512 2 107 7 14 12 -1 -1 -1 0 
512 3 92 9 14 13 -1 -1 -1 0 
513 0 78 193 15 14 -1 -1 -1 0 
513 1 219 120 14 13 -1 -1 -1 0 
513 2 107 7 14 12 -1 -1 -1 0 
513 3 92 9 14 13 -1 -1 -1 0 
514 0 78 193 15 14 -1 -1 -1 0 
514 1 220 119 12 13 -1 -1 -1 0 
514 3 93 10 12 12 -1 -1 -1 0 
514 5 107 8 14 13 -1 -1 -1 0 
515 0 79 193 13 13 -1 -1 -1 0 
515 1 219 117 14 15 -1 -1 -1 0 
515 3 93 10 12 12 -1 -1 -1 0 
515 5 107 7 14 13 -1 -1 -1 0 
516 0 78 192 15 14 -1 -1 -1 0 
516 1 219 118 13 14 -1 -1 -1 0 
516 3 94 10 11 12 -1 -1 -1 0 
516 5 108 8 13 12 -1 -1 -1 0 
517 0 79 193 12 13 -1 -1 -1 0 
517 1 219 119 13 13 -1 -1 -1 0 
517 3 94 9 11 12 -1 -1 -1 0 
517 5 108 8 14 12 -1 -1 -1 0 
518 0 78 193 14 14 -1 -1 -1 0 
518 1 219 119 14 13 -1 -1 -1 0 
518 3 94 9 12 11 -1 -1 -1 0 
518 5 109 8 11 12 -1 -1 -1 0 
519 0 77 193 15 14 -1 -1 -1 0 
519 1 219 120 13 12 -1 -1 -1 0 
519 3 94 9 12 12 -1 -1 -1 0 
519 5 108 7 14 14 -1 -1 -1 0 
520 0 77 193 15 14 -1 -1 -1 0 
520 1 221 121 11 10 -1 -1 -1 0 
520 3 93 8 13 13 -1 -1 -1 0 
520 5 108 7 13 13 -1 -1 -1 0 
521 0 77 193 14 13 -1 -1 -1 0 
521 1 220 121 13 11 -1 -1 -1 0 
521 2 94 8 13 12 -1 -1 -1 0 
521 3 93 7 12 13 -1 -1 -1 0 
522 0 77 194 14 12 -1 -1 -1 0 
522 1 219 120 13 13 -1 -1 -1 0 
522 2 92 8 14 12 -1 -1 -1 0 
522 3 93 9 14 13 -1 -1 -1 0 
523 0 78 194 12 12 -1 -1 -1 0 
523 1 218 119 14 15 -1 -1 -1 0 
523 2 93 10 13 11 -1 -1 -1 0 
523 3 93 10 14 13 -1 -1 -1 0 
524 0 77 193 15 14 -1 -1 -1 0 
524 1 219 120 14 14 -1 -1 -1 0 
524 2 94 9 11 12 -1 -1 -1 0 
524 5 108 7 13 12 -1 -1 -1 0 
525 0 76 193 16 14 -1 -1 -1 0 
525 1 219 121 14 13 -1 -1 -1 0 
525 2 93 8 13 12 -1 -1 -1 0 
525 5 109 7 12 12 -1 -1 -1 0 
526 0 77 193 13 13 -1 -1 -1 0 
526 1 220 122 12 12 -1 -1 -1 0 
526 2 94 9 11 11 -1 -1 -1 0 
526 5 108 7 13 12 -1 -1 -1 0 
527 0 77 194 13 13 -1 -1 -1 0 
527 1 219 120 15 14 -1 -1 -1 0 
527 2 94 9 11 11 -1 -1 -1 0 
527 5 108 7 13 12 -1 -1 -1 0 
528 0 77 193 13 13 -1 -1 -1 0 
528 1 221 120 12 13 -1 -1 -1 0 
528 2 94 9 11 11 -1 -1 -1 0 
528 5 108 7 12 12 -1 -1 -1 0 
529 0 77 193 14 14 -1 -1 -1 0 
529 1 219 120 15 14 -1 -1 -1 0 
529 2 93 8 13 13 -1 -1 -1 0 
529 5 108 7 12 12 -1 -1 -1 0 
530 0 76 193 15 14 -1 -1 -1 0 
530 1 219 120 15 14 -1 -1 -1 0 
530 2 94 8 11 12 -1 -1 -1 0 
530 5 106 7 13 12 -1 -1 -1 0 
531 0 78 193 12 13 -1 -1 -1 0 
531 1 219 121 14 13 -1 -1 -1 0 
531 2 93 7 12 14 -1 -1 -1 0 
531 3 93 9 13 11 -1 -1 -1 0 
532 0 76 193 15 14 -1 -1 -1 0 
532 1 220 122 12 11 -1 -1 -1 0 
532 2 93 7 13 14 -1 -1 -1 0 
532 3 93 8 12 11 -1 -1 -1 0 
533 0 77 193 14 14 -1 -1 -1 0 
533 1 220 122 12 11 -1 -1 -1 0 
533 2 93 8 13 13 -1 -1 -1 0 
533 5 105 9 14 12 -1 -1 -1 0 
534 0 77 193 14 14 -1 -1 -1 0 
534 1 220 122 11 12 -1 -1 -1 0 
534 2 92 9 14 12 -1 -1 -1 0 
534 5 106 10 11 12 -1 -1 -1 0 
535 0 77 194 15 13 -1 -1 -1 0 
535 1 218 121 14 13 -1 -1 -1 0 
535 2 93 9 13 12 -1 -1 -1 0 
535 3 106 9 12 13 -1 -1 -1 0 
536 0 78 195 12 11 -1 -1 -1 0 
536 1 219 122 13 12 -1 -1 -1 0 
536 2 93 9 13 12 -1 -1 -1 0 
536 3 107 10 13 13 -1 -1 -1 0 
537 0 78 195 12 11 -1 -1 -1 0 
537 1 218 121 14 14 -1 -1 -1 0 
537 2 92 9 14 12 -1 -1 -1 0 
537 3 106 9 14 13 -1 -1 -1 0 
538 0 77 193 12 14 -1 -1 -1 0 
538 1 219 120 14 14 -1 -1 -1 0 
538 2 95 9 11 11 -1 -1 -1 0 
538 3 108 10 13 12 -1 -1 -1 0 
539 0 76 193 15 14 -1 -1 -1 0 
539 1 219 121 13 13 -1 -1 -1 0 
539 2 93 8 13 12 -1 -1 -1 0 
539 5 106 8 14 13 -1 -1 -1 0 
540 0 77 193 14 14 -1 -1 -1 0 
540 1 218 121 14 12 -1 -1 -1 0 
540 2 94 9 11 10 -1 -1 -1 0 
540 3 108 9 12 13 -1 -1 -1 0 
541 0 76 193 14 14 -1 -1 -1 0 
541 1 219 122 11 11 -1 -1 -1 0 
541 2 95 8 11 11 -1 -1 -1 0 
541 3 108 8 13 14 -1 -1 -1 0 
542 0 77 194 14 13 -1 -1 -1 0 
542 1 217 121 15 13 -1 -1 -1 0 
542 2 94 7 13 12 -1 -1 -1 0 
542 5 109 9 14 13 -1 -1 -1 0 
543 0 77 194 13 12 -1 -1 -1 0 
543 1 217 121 14 13 -1 -1 -1 0 
543 2 95 8 12 11 -1 -1 -1 0 
543 3 109 10 14 13 -1 -1 -1 0 
544 0 77 194 13 12 -1 -1 -1 0 
544 1 219 122 12 12 -1 -1 -1 0 
544 2 95 8 12 12 -1 -1 -1 0 
544 3 110 11 13 13 -1 -1 -1 0 
545 0 77 194 14 13 -1 -1 -1 0 
545 1 217 121 13 13 -1 -1 -1 0 
545 2 95 8 11 11 -1 -1 -1 0 
545 5 109 9 13 13 -1 -1 -1 0 
546 0 79 195 12 12 -1 -1 -1 0 
546 1 217 121 13 13 -1 -1 -1 0 
546 2 93 8 12 13 -1 -1 -1 0 
546 3 108 11 14 13 -1 -1 -1 0 
547 0 78 194 13 13 -1 -1 -1 0 
547 1 218 121 12 12 -1 -1 -1 0 
547 2 92 9 14 13 -1 -1 -1 0 
547 3 108 10 14 13 -1 -1 -1 0 
548 0 77 193 14 14 -1 -1 -1 0 
548 1 218 120 13 14 -1 -1 -1 0 
548 2 92 10 14 12 -1 -1 -1 0 
548 3 108 9 15 13 -1 -1 -1 0 
549 0 78 194 13 13 -1 -1 -1 0 
549 1 217 122 14 12 -1 -1 -1 0 
549 2 93 10 13 12 -1 -1 -1 0 
549 3 109 8 14 13 -1 -1 -1 0 
550 0 77 194 14 13 -1 -1 -1 0 
550 1 219 122 12 11 -1 -1 -1 0 
550 2 92 9 14 12 -1 -1 -1 0 
550 3 109 8 14 13 -1 -1 -1 0 
551 0 78 194 13 13 -1 -1 -1 0 
551 1 218 122 13 12 -1 -1 -1 0 
551 2 92 8 14 12 -1 -1 -1 0 
551 3 110 8 13 13 -1 -1 -1 0 
552 0 77 193 15 14 -1 -1 -1 0 
552 1 218 122 14 13 -1 -1 -1 0 
552 2 92 8 13 11 -1 -1 -1 0 
552 3 93 9 13 13 -1 -1 -1 0 
553 0 78 194 14 13 -1 -1 -1 0 
553 1 218 121 14 14 -1 -1 -1 0 
553 3 92 9 14 13 -1 -1 -1 0 
553 5 108 8 14 14 -1 -1 -1 0 
554 0 79 195 12 12 -1 -1 -1 0 
554 1 218 121 14 13 -1 -1 -1 0 
554 3 92 10 12 12 -1 -1 -1 0 
554 5 108 8 15 13 -1 -1 -1 0 
555 0 79 194 12 13 -1 -1 -1 0 
555 1 218 121 14 14 -1 -1 -1 0 
555 3 93 11 11 12 -1 -1 -1 0 
555 5 109 8 13 13 -1 -1 -1 0 
556 0 78 194 14 15 -1 -1 -1 0 
556 1 218 121 13 13 -1 -1 -1 0 
556 3 92 10 13 12 -1 -1 -1 0 
556 5 109 9 12 13 -1 -1 -1 0 
557 0 77 193 15 15 -1 -1 -1 0 
557 1 218 121 13 12 -1 -1 -1 0 
557 2 93 9 11 13 -1 -1 -1 0 
557 3 91 10 14 11 -1 -1 -1 0 
558 0 77 193 16 14 -1 -1 -1 0 
558 1 219 121 12 11 -1 -1 -1 0 
558 2 92 10 12 13 -1 -1 -1 0 
558 3 93 10 12 11 -1 -1 -1 0 
559 0 79 194 13 13 -1 -1 -1 0 
559 1 219 121 12 11 -1 -1 -1 0 
559 2 92 9 14 12 -1 -1 -1 0 
559 3 92 10 13 11 -1 -1 -1 0 
560 0 78 193 15 14 -1 -1 -1 0 
560 1 219 121 12 12 -1 -1 -1 0 
560 2 93 8 13 13 -1 -1 -1 0 
560 5 108 8 12 12 -1 -1 -1 0 
561 0 78 193 14 14 -1 -1 -1 0 
561 1 217 121 15 13 -1 -1 -1 0 
561 2 93 8 13 13 -1 -1 -1 0 
561 3 93 10 12 11 -1 -1 -1 0 
562 0 78 193 14 14 -1 -1 -1 0 
562 1 218 121 14 13 -1 -1 -1 0 
562 2 93 9 11 13 -1 -1 -1 0 
562 3 92 10 13 11 -1 -1 -1 0 
563 0 78 193 14 13 -1 -1 -1 0 
563 1 219 121 12 12 -1 -1 -1 0 
563 2 92 9 13 13 -1 -1 -1 0 
563 5 105 7 15 13 -1 -1 -1 0 
564 0 79 194 13 11 -1 -1 -1 0 
564 1 217 121 13 12 -1 -1 -1 0 
564 2 92 8 12 14 -1 -1 -1 0 
564 3 93 10 12 11 -1 -1 -1 0 
565 0 78 195 13 11 -1 -1 -1 0 
565 1 218 121 12 12 -1 -1 -1 0 
565 2 93 9 13 12 -1 -1 -1 0 
565 3 92 10 13 11 -1 -1 -1 0 
566 0 79 194 13 13 -1 -1 -1 0 
566 1 217 120 14 14 -1 -1 -1 0 
566 2 93 10 12 11 -1 -1 -1 0 
566 5 106 10 12 11 -1 -1 -1 0 
567 0 78 193 14 13 -1 -1 -1 0 
567 1 216 120 15 14 -1 -1 -1 0 
567 2 93 10 13 12 -1 -1 -1 0 
567 5 107 10 12 12 -1 -1 -1 0 
568 0 77 194 15 12 -1 -1 -1 0 
568 1 216 120 15 13 -1 -1 -1 0 
568 2 93 10 13 12 -1 -1 -1 0 
568 3 106 10 12 11 -1 -1 -1 0 
569 0 79 194 13 11 -1 -1 -1 0 
569 1 218 121 11 12 -1 -1 -1 0 
569 2 93 10 13 12 -1 -1 -1 0 
569 3 107 10 12 11 -1 -1 -1 0 
570 0 79 193 13 12 -1 -1 -1 0 
570 1 217 120 13 13 -1 -1 -1 0 
570 2 94 11 12 12 -1 -1 -1 0 
570 3 107 10 12 11 -1 -1 -1 0 
571 0 79 194 13 12 -1 -1 -1 0 
571 1 217 121 14 13 -1 -1 -1 0 
571 2 93 10 13 12 -1 -1 -1 0 
571 3 106 10 13 11 -1 -1 -1 0 
572 0 79 193 13 13 -1 -1 -1 0 
572 1 217 121 14 12 -1 -1 -1 0 
572 2 93 10 13 12 -1 -1 -1 0 
572 3 106 10 13 11 -1 -1 -1 0 
573 0 80 194 11 12 -1 -1 -1 0 
573 1 218 122 11 10 -1 -1 -1 0 
573 2 93 10 13 12 -1 -1 -1 0 
573 3 106 10 13 12 -1 -1 -1 0 
574 0 77 194 15 14 -1 -1 -1 0 
574 1 218 121 12 11 -1 -1 -1 0 
574 3 106 10 13 12 -1 -1 -1 0 
574 5 91 7 13 13 -1 -1 -1 0 
575 0 78 194 14 13 -1 -1 -1 0 
575 1 219 120 11 12 -1 -1 -1 0 
575 2 90 8 14 12 -1 -1 -1 0 
575 3 106 10 13 11 -1 -1 -1 0 
576 0 78 193 14 14 -1 -1 -1 0 
576 1 219 119 11 13 -1 -1 -1 0 
576 2 91 7 13 12 -1 -1 -1 0 
576 3 106 10 13 12 -1 -1 -1 0 
577 0 78 194 13 13 -1 -1 -1 0 
577 1 218 119 14 14 -1 -1 -1 0 
577 2 91 7 13 12 -1 -1 -1 0 
577 3 106 11 13 12 -1 -1 -1 0 
578 0 79 195 12 12 -1 -1 -1 0 
578 1 219 119 14 14 -1 -1 -1 0 
578 2 91 7 13 12 -1 -1 -1 0 
578 3 106 11 13 12 -1 -1 -1 0 
579 0 80 194 12 13 -1 -1 -1 0 
579 1 219 119 13 13 -1 -1 -1 0 
579 2 92 7 12 12 -1 -1 -1 0 
579 3 106 10 12 12 -1 -1 -1 0 
580 0 79 194 13 14 -1 -1 -1 0 
580 1 219 120 13 12 -1 -1 -1 0 
580 2 92 8 13 12 -1 -1 -1 0 
580 3 106 10 13 13 -1 -1 -1 0 
581 0 77 194 15 14 -1 -1 -1 0 
581 1 219 119 13 13 -1 -1 -1 0 
581 2 92 9 14 12 -1 -1 -1 0 
581 3 107 10 12 13 -1 -1 -1 0 
582 0 78 194 14 14 -1 -1 -1 0 
582 1 219 121 12 12 -1 -1 -1 0 
582 2 93 8 13 12 -1 -1 -1 0 
582 3 108 11 11 12 -1 -1 -1 0 
583 0 77 193 16 14 -1 -1 -1 0 
583 1 218 120 15 13 -1 -1 -1 0 
583 2 94 9 12 10 -1 -1 -1 0 
583 3 107 12 12 12 -1 -1 -1 0 
584 0 77 193 15 14 -1 -1 -1 0 
584 1 220 120 12 12 -1 -1 -1 0 
584 3 107 11 11 12 -1 -1 -1 0 
584 5 95 8 11 11 -1 -1 -1 0 
585 0 78 193 13 14 -1 -1 -1 0 
585 1 218 120 15 13 -1 -1 -1 0 
585 2 96 8 10 11 -1 -1 -1 0 
585 3 107 11 12 12 -1 -1 -1 0 
586 0 78 194 14 14 -1 -1 -1 0 
586 1 220 120 12 12 -1 -1 -1 0 
586 2 96 7 11 11 -1 -1 -1 0 
586 3 107 12 12 12 -1 -1 -1 0 
587 0 79 194 14 14 -1 -1 -1 0 
587 1 219 120 14 14 -1 -1 -1 0 
587 2 96 7 9 11 -1 -1 -1 0 
587 3 107 12 12 12 -1 -1 -1 0 
588 0 79 193 14 14 -1 -1 -1 0 
588 1 218 120 15 14 -1 -1 -1 0 
588 2 96 7 10 11 -1 -1 -1 0 
588 3 107 12 12 12 -1 -1 -1 0 
589 0 78 194 15 13 -1 -1 -1 0 
589 1 219 120 14 14 -1 -1 -1 0 
589 3 107 12 12 13 -1 -1 -1 0 
589 5 95 8 12 12 -1 -1 -1 0 
590 0 80 194 12 13 -1 -1 -1 0 
590 1 220 121 12 13 -1 -1 -1 0 
590 2 95 8 11 11 -1 -1 -1 0 
590 3 107 12 13 14 -1 -1 -1 0 
591 0 79 193 14 14 -1 -1 -1 0 
591 1 219 120 14 14 -1 -1 -1 0 
591 2 94 7 13 13 -1 -1 -1 0 
591 3 107 13 13 13 -1 -1 -1 0 
592 0 79 194 13 14 -1 -1 -1 0 
592 1 219 120 14 14 -1 -1 -1 0 
592 2 95 7 12 13 -1 -1 -1 0 
592 3 106 13 14 13 -1 -1 -1 0 
593 0 79 193 14 14 -1 -1 -1 0 
593 1 219 120 15 14 -1 -1 -1 0 
593 2 95 7 11 12 -1 -1 -1 0 
593 3 107 14 12 12 -1 -1 -1 0 
594 0 79 192 14 14 -1 -1 -1 0 
594 1 218 121 15 13 -1 -1 -1 0 
594 2 95 6 12 14 -1 -1 -1 0 
594 3 107 13 11 12 -1 -1 -1 0 
595 0 78 193 15 14 -1 -1 -1 0 
595 1 220 122 12 11 -1 -1 -1 0 
595 3 106 12 13 13 -1 -1 -1 0 
595 5 94 9 13 12 -1 -1 -1 0 
596 0 79 193 15 14 -1 -1 -1 0 
596 1 220 121 13 11 -1 -1 -1 0 
596 2 93 8 14 13 -1 -1 -1 0 
596 3 106 11 14 13 -1 -1 -1 0 
597 0 79 193 14 14 -1 -1 -1 0 
597 1 220 121 13 12 -1 -1 -1 0 
597 2 93 9 14 13 -1 -1 -1 0 
597 3 107 11 12 12 -1 -1 -1 0 
598 0 79 194 12 14 -1 -1 -1 0 
598 1 219 119 14 14 -1 -1 -1 0 
598 2 93 9 14 12 -1 -1 -1 0 
598 3 107 12 11 12 -1 -1 -1 0 
599 0 78 194 14 14 -1 -1 -1 0 
599 1 221 120 13 13 -1 -1 -1 0 
599 2 93 9 14 12 -1 -1 -1 0 
599 3 106 12 14 13 -1 -1 -1 0 
600 0 78 194 15 14 -1 -1 -1 0 
600 1 221 120 12 13 -1 -1 -1 0 
600 3 106 13 13 12 -1 -1 -1 0 
600 5 94 8 12 12 -1 -1 -1 0 
601 0 79 195 12 13 -1 -1 -1 0 
601 1 219 118 16 15 -1 -1 -1 0 
601 2 105 10 12 13 -1 -1 -1 0 
601 3 106 13 13 12 -1 -1 -1 0 
602 0 78 194 15 14 -1 -1 -1 0 
602 1 220 118 15 15 -1 -1 -1 0 
602 2 108 11 14 13 -1 -1 -1 0 
602 5 94 8 11 11 -1 -1 -1 0 
603 0 78 194 15 13 -1 -1 -1 0 
603 1 220 118 14 15 -1 -1 -1 0 
603 2 111 11 12 14 -1 -1 -1 0 
603 5 92 7 15 12 -1 -1 -1 0 
604 0 79 193 15 14 -1 -1 -1 0 
604 1 220 119 14 13 -1 -1 -1 0 
604 2 111 11 14 14 -1 -1 -1 0 
604 5 93 7 14 13 -1 -1 -1 0 
605 0 78 194 15 14 -1 -1 -1 0 
605 1 220 120 13 11 -1 -1 -1 0 
605 2 113 12 13 13 -1 -1 -1 0 
605 3 110 12 13 12 -1 -1 -1 0 
606 0 80 194 13 13 -1 -1 -1 0 
606 1 221 120 12 12 -1 -1 -1 0 
606 2 110 12 14 13 -1 -1 -1 0 
606 3 111 11 13 12 -1 -1 -1 0 
607 0 79 194 13 12 -1 -1 -1 0 
607 1 220 119 14 14 -1 -1 -1 0 
607 2 109 12 14 13 -1 -1 -1 0 
607 5 94 8 13 13 -1 -1 -1 0 
608 0 79 195 13 12 -1 -1 -1 0 
608 1 219 119 15 14 -1 -1 -1 0 
608 2 108 12 14 13 -1 -1 -1 0 
608 5 93 8 13 12 -1 -1 -1 0 
609 0 78 194 14 13 -1 -1 -1 0 
609 1 218 119 15 14 -1 -1 -1 0 
609 2 107 12 15 13 -1 -1 -1 0 
609 5 94 7 11 12 -1 -1 -1 0 
610 0 78 193 15 15 -1 -1 -1 0 
610 1 219 119 15 14 -1 -1 -1 0 
610 2 108 12 14 13 -1 -1 -1 0 
610 3 94 8 12 12 -1 -1 -1 0 
611 0 77 194 15 13 -1 -1 -1 0 
611 1 219 119 15 14 -1 -1 -1 0 
611 2 108 11 14 13 -1 -1 -1 0 
611 3 93 7 12 12 -1 -1 -1 0 
612 0 78 194 13 13 -1 -1 -1 0 
612 1 219 119 14 13 -1 -1 -1 0 
612 2 109 12 12 12 -1 -1 -1 0 
612 3 92 6 12 12 -1 -1 -1 0 
613 0 78 193 14 15 -1 -1 -1 0 
613 1 220 120 14 13 -1 -1 -1 0 
613 2 108 12 14 13 -1 -1 -1 0 
613 3 93 6 12 12 -1 -1 -1 0 
614 0 78 194 14 13 -1 -1 -1 0 
614 1 219 119 15 13 -1 -1 -1 0 
614 2 108 12 14 13 -1 -1 -1 0 
614 3 93 6 12 12 -1 -1 -1 0 
615 0 79 195 13 12 -1 -1 -1 0 
615 1 220 120 13 12 -1 -1 -1 0 
615 2 109 12 14 13 -1 -1 -1 0 
615 5 94 6 13 12 -1 -1 -1 0 
616 0 78 193 14 13 -1 -1 -1 0 
616 1 220 119 14 13 -1 -1 -1 0 
616 2 108 13 14 13 -1 -1 -1 0 
616 5 95 6 11 12 -1 -1 -1 0 
617 0 79 194 13 12 -1 -1 -1 0 
617 1 220 120 13 12 -1 -1 -1 0 
617 2 109 12 12 13 -1 -1 -1 0 
617 5 95 7 11 12 -1 -1 -1 0 
618 0 79 194 14 13 -1 -1 -1 0 
618 1 219 120 15 13 -1 -1 -1 0 
618 2 110 11 12 13 -1 -1 -1 0 
618 5 93 9 13 11 -1 -1 -1 0 
619 0 79 194 12 12 -1 -1 -1 0 
619 1 220 120 13 13 -1 -1 -1 0 
619 2 110 10 12 13 -1 -1 -1 0 
619 5 94 9 12 11 -1 -1 -1 0 
620 0 77 194 15 13 -1 -1 -1 0 
620 1 219 120 14 13 -1 -1 -1 0 
620 2 109 9 12 13 -1 -1 -1 0 
620 5 94 9 12 12 -1 -1 -1 0 
621 0 80 194 12 12 -1 -1 -1 0 
621 1 221 121 11 12 -1 -1 -1 0 
621 2 108 8 15 13 -1 -1 -1 0 
621 5 93 10 13 12 -1 -1 -1 0 
622 0 80 194 13 14 -1 -1 -1 0 
622 1 221 120 13 13 -1 -1 -1 0 
622 2 108 9 13 13 -1 -1 -1 0 
622 5 93 10 13 12 -1 -1 -1 0 
623 0 78 194 15 14 -1 -1 -1 0 
623 1 221 120 14 13 -1 -1 -1 0 
623 2 109 8 13 12 -1 -1 -1 0 
623 5 93 10 12 12 -1 -1 -1 0 
