3 0 122 19 15 14 -1 -1 -1 0 
3 1 148 36 16 15 -1 -1 -1 0 
3 2 139 15 17 15 -1 -1 -1 0 
4 0 122 18 15 15 -1 -1 -1 0 
4 1 149 37 14 13 -1 -1 -1 0 
4 2 139 13 17 15 -1 -1 -1 0 
5 0 120 18 17 15 -1 -1 -1 0 
5 1 149 37 14 14 -1 -1 -1 0 
5 2 139 14 17 15 -1 -1 -1 0 
6 0 122 20 14 14 -1 -1 -1 0 
6 1 146 36 17 15 -1 -1 -1 0 
6 2 140 14 16 15 -1 -1 -1 0 
7 0 120 17 16 16 -1 -1 -1 0 
7 1 148 36 15 15 -1 -1 -1 0 
7 2 139 15 17 15 -1 -1 -1 0 
8 0 119 17 17 16 -1 -1 -1 0 
8 1 148 36 16 15 -1 -1 -1 0 
8 2 139 17 17 14 -1 -1 -1 0 
9 0 121 18 16 15 -1 -1 -1 0 
9 1 148 37 14 13 -1 -1 -1 0 
9 2 139 18 16 14 -1 -1 -1 0 
10 0 122 18 14 14 -1 -1 -1 0 
10 1 148 37 14 13 -1 -1 -1 0 
10 2 140 16 15 14 -1 -1 -1 0 
11 0 122 18 15 14 -1 -1 -1 0 
11 1 149 37 13 14 -1 -1 -1 0 
11 2 140 15 16 15 -1 -1 -1 0 
12 0 123 19 15 14 -1 -1 -1 0 
12 1 148 36 16 16 -1 -1 -1 0 
12 2 141 15 14 14 -1 -1 -1 0 
13 0 122 18 15 14 -1 -1 -1 0 
13 1 148 36 16 15 -1 -1 -1 0 
13 2 141 15 14 14 -1 -1 -1 0 
14 0 121 18 17 15 -1 -1 -1 0 
14 1 148 35 15 15 -1 -1 -1 0 
14 2 139 16 17 14 -1 -1 -1 0 
15 0 123 19 14 15 -1 -1 -1 0 
15 1 149 35 14 14 -1 -1 -1 0 
15 2 140 16 15 13 -1 -1 -1 0 
16 0 122 18 16 17 -1 -1 -1 0 
16 1 149 35 14 14 -1 -1 -1 0 
16 2 139 16 16 14 -1 -1 -1 0 
17 0 123 19 16 16 -1 -1 -1 0 
17 1 150 36 13 13 -1 -1 -1 0 
17 2 142 15 14 14 -1 -1 -1 0 
18 0 125 19 15 15 -1 -1 -1 0 
18 1 150 35 14 14 -1 -1 -1 0 
18 2 142 14 17 15 -1 -1 -1 0 
19 0 124 18 16 16 -1 -1 -1 0 
19 1 148 35 16 15 -1 -1 -1 0 
19 2 144 14 16 14 -1 -1 -1 0 
20 0 125 19 16 15 -1 -1 -1 0 
20 1 149 35 13 14 -1 -1 -1 0 
20 2 146 15 14 14 -1 -1 -1 0 
21 0 125 20 16 15 -1 -1 -1 0 
21 1 146 33 16 15 -1 -1 -1 0 
21 2 145 15 17 15 -1 -1 -1 0 
22 0 126 20 17 15 -1 -1 -1 0 
22 1 147 34 14 14 -1 -1 -1 0 
22 2 145 14 15 15 -1 -1 -1 0 
23 0 128 21 14 14 -1 -1 -1 0 
23 1 145 33 16 16 -1 -1 -1 0 
23 2 144 13 16 15 -1 -1 -1 0 
24 0 128 22 14 15 -1 -1 -1 0 
24 1 146 32 15 15 -1 -1 -1 0 
24 2 146 14 14 14 -1 -1 -1 0 
25 0 126 20 16 15 -1 -1 -1 0 
25 1 145 32 16 15 -1 -1 -1 0 
25 2 144 13 17 16 -1 -1 -1 0 
26 0 127 21 16 15 -1 -1 -1 0 
26 1 146 33 15 14 -1 -1 -1 0 
26 2 144 14 16 15 -1 -1 -1 0 
27 0 128 23 15 13 -1 -1 -1 0 
27 1 144 32 16 15 -1 -1 -1 0 
27 2 144 14 17 14 -1 -1 -1 0 
28 0 127 19 15 14 -1 -1 -1 0 
28 1 143 31 15 16 -1 -1 -1 0 
28 2 145 13 14 15 -1 -1 -1 0 
29 0 127 17 16 15 -1 -1 -1 0 
29 1 142 31 16 16 -1 -1 -1 0 
29 2 144 13 16 15 -1 -1 -1 0 
30 0 129 20 15 13 -1 -1 -1 0 
30 1 142 30 16 15 -1 -1 -1 0 
30 2 145 16 15 13 -1 -1 -1 0 
31 0 129 19 13 14 -1 -1 -1 0 
31 1 143 33 14 14 -1 -1 -1 0 
31 2 145 15 14 13 -1 -1 -1 0 
32 0 128 19 15 14 -1 -1 -1 0 
32 1 144 32 16 16 -1 -1 -1 0 
32 2 144 16 15 13 -1 -1 -1 0 
33 0 128 19 16 14 -1 -1 -1 0 
33 1 145 33 17 15 -1 -1 -1 0 
33 2 145 17 14 13 -1 -1 -1 0 
34 0 128 19 16 14 -1 -1 -1 0 
34 1 148 33 14 14 -1 -1 -1 0 
34 2 145 18 14 13 -1 -1 -1 0 
35 0 129 20 14 13 -1 -1 -1 0 
35 1 148 35 14 14 -1 -1 -1 0 
35 2 146 18 14 13 -1 -1 -1 0 
36 0 127 20 17 14 -1 -1 -1 0 
36 1 147 35 17 15 -1 -1 -1 0 
36 2 145 17 14 13 -1 -1 -1 0 
37 0 127 21 16 14 -1 -1 -1 0 
37 1 147 36 16 15 -1 -1 -1 0 
37 2 143 13 14 15 -1 -1 -1 0 
38 0 128 21 16 15 -1 -1 -1 0 
38 1 148 36 14 14 -1 -1 -1 0 
38 2 143 11 16 15 -1 -1 -1 0 
39 0 127 23 16 14 -1 -1 -1 0 
39 1 150 34 14 15 -1 -1 -1 0 
39 2 145 11 15 14 -1 -1 -1 0 
40 0 128 24 16 14 -1 -1 -1 0 
40 1 149 34 16 16 -1 -1 -1 0 
40 2 145 11 14 14 -1 -1 -1 0 
41 0 129 22 15 14 -1 -1 -1 0 
41 1 149 34 17 16 -1 -1 -1 0 
41 2 144 10 16 15 -1 -1 -1 0 
42 0 128 21 17 15 -1 -1 -1 0 
42 1 150 33 17 15 -1 -1 -1 0 
42 2 145 12 13 13 -1 -1 -1 0 
43 0 130 21 16 14 -1 -1 -1 0 
43 1 151 33 15 15 -1 -1 -1 0 
43 2 146 12 13 13 -1 -1 -1 0 
44 0 130 21 15 13 -1 -1 -1 0 
44 1 152 33 16 14 -1 -1 -1 0 
44 2 144 13 16 13 -1 -1 -1 0 
45 0 131 21 14 14 -1 -1 -1 0 
45 1 153 30 15 15 -1 -1 -1 0 
45 2 145 13 15 13 -1 -1 -1 0 
46 0 130 22 16 15 -1 -1 -1 0 
46 1 154 30 16 16 -1 -1 -1 0 
46 2 145 12 17 15 -1 -1 -1 0 
47 0 129 22 16 15 -1 -1 -1 0 
47 1 155 31 15 15 -1 -1 -1 0 
47 2 145 13 16 14 -1 -1 -1 0 
48 0 129 21 17 16 -1 -1 -1 0 
48 1 153 30 17 16 -1 -1 -1 0 
48 2 145 13 14 14 -1 -1 -1 0 
49 0 129 22 15 15 -1 -1 -1 0 
49 1 153 29 17 16 -1 -1 -1 0 
49 2 144 14 16 14 -1 -1 -1 0 
50 0 128 21 17 16 -1 -1 -1 0 
50 1 153 30 16 15 -1 -1 -1 0 
50 2 144 15 14 13 -1 -1 -1 0 
51 0 130 22 15 15 -1 -1 -1 0 
51 1 150 29 18 15 -1 -1 -1 0 
51 2 144 15 15 13 -1 -1 -1 0 
52 0 129 22 16 14 -1 -1 -1 0 
52 1 150 30 16 15 -1 -1 -1 0 
52 2 145 16 13 12 -1 -1 -1 0 
53 0 130 22 14 14 -1 -1 -1 0 
53 1 151 31 15 15 -1 -1 -1 0 
53 2 145 16 14 12 -1 -1 -1 0 
54 0 130 22 15 15 -1 -1 -1 0 
54 1 150 30 17 15 -1 -1 -1 0 
54 2 145 16 13 12 -1 -1 -1 0 
55 0 129 22 15 14 -1 -1 -1 0 
55 1 151 30 15 14 -1 -1 -1 0 
55 2 145 16 15 13 -1 -1 -1 0 
56 0 127 23 16 15 -1 -1 -1 0 
56 1 152 31 14 14 -1 -1 -1 0 
56 2 144 16 17 13 -1 -1 -1 0 
57 0 128 25 15 15 -1 -1 -1 0 
57 1 150 31 17 15 -1 -1 -1 0 
57 2 144 14 15 14 -1 -1 -1 0 
58 0 128 23 14 15 -1 -1 -1 0 
58 1 151 32 15 15 -1 -1 -1 0 
58 2 143 13 15 15 -1 -1 -1 0 
59 0 127 22 16 16 -1 -1 -1 0 
59 1 150 31 17 17 -1 -1 -1 0 
59 2 143 13 15 15 -1 -1 -1 0 
60 0 129 23 15 15 -1 -1 -1 0 
60 1 150 31 16 16 -1 -1 -1 0 
60 2 145 14 15 14 -1 -1 -1 0 
61 0 130 22 14 14 -1 -1 -1 0 
61 1 148 31 17 16 -1 -1 -1 0 
61 2 144 14 16 15 -1 -1 -1 0 
62 0 130 23 15 15 -1 -1 -1 0 
62 1 149 31 16 16 -1 -1 -1 0 
62 2 144 15 15 14 -1 -1 -1 0 
63 0 130 24 16 14 -1 -1 -1 0 
63 1 151 31 14 15 -1 -1 -1 0 
63 2 145 15 14 13 -1 -1 -1 0 
64 0 131 23 14 14 -1 -1 -1 0 
64 1 150 32 16 15 -1 -1 -1 0 
64 2 145 15 16 13 -1 -1 -1 0 
65 0 130 22 16 16 -1 -1 -1 0 
65 1 150 33 15 15 -1 -1 -1 0 
65 2 146 15 14 14 -1 -1 -1 0 
66 0 129 22 17 16 -1 -1 -1 0 
66 1 150 32 16 16 -1 -1 -1 0 
66 2 146 14 15 15 -1 -1 -1 0 
67 0 130 22 16 15 -1 -1 -1 0 
67 1 149 33 16 15 -1 -1 -1 0 
67 2 146 15 15 14 -1 -1 -1 0 
68 0 131 23 15 15 -1 -1 -1 0 
68 1 148 35 16 15 -1 -1 -1 0 
68 2 146 16 15 13 -1 -1 -1 0 
69 0 133 24 12 14 -1 -1 -1 0 
69 1 149 35 13 14 -1 -1 -1 0 
69 2 144 16 16 13 -1 -1 -1 0 
70 0 130 24 14 14 -1 -1 -1 0 
70 1 149 35 14 14 -1 -1 -1 0 
70 2 147 16 16 13 -1 -1 -1 0 
71 0 127 24 16 15 -1 -1 -1 0 
71 1 147 34 17 16 -1 -1 -1 0 
71 2 151 16 15 15 -1 -1 -1 0 
72 0 126 25 17 15 -1 -1 -1 0 
72 1 148 34 16 15 -1 -1 -1 0 
72 2 150 16 17 15 -1 -1 -1 0 
73 0 126 25 17 15 -1 -1 -1 0 
73 1 148 35 15 14 -1 -1 -1 0 
73 2 151 17 16 14 -1 -1 -1 0 
74 0 128 24 15 15 -1 -1 -1 0 
74 1 147 34 15 14 -1 -1 -1 0 
74 2 152 17 15 14 -1 -1 -1 0 
75 0 129 24 16 15 -1 -1 -1 0 
75 1 148 34 13 13 -1 -1 -1 0 
75 2 152 16 17 15 -1 -1 -1 0 
76 0 128 22 16 15 -1 -1 -1 0 
76 1 147 34 13 14 -1 -1 -1 0 
76 2 154 17 15 14 -1 -1 -1 0 
77 0 128 22 17 15 -1 -1 -1 0 
77 1 146 34 15 15 -1 -1 -1 0 
77 2 153 18 16 13 -1 -1 -1 0 
78 0 128 22 17 15 -1 -1 -1 0 
78 1 146 34 16 15 -1 -1 -1 0 
78 2 153 18 16 14 -1 -1 -1 0 
79 0 127 22 17 15 -1 -1 -1 0 
79 1 146 35 15 14 -1 -1 -1 0 
79 2 153 19 15 13 -1 -1 -1 0 
80 0 127 22 17 16 -1 -1 -1 0 
80 1 146 34 15 14 -1 -1 -1 0 
80 2 152 18 17 14 -1 -1 -1 0 
81 0 128 22 17 15 -1 -1 -1 0 
81 1 146 33 14 13 -1 -1 -1 0 
81 2 153 15 15 15 -1 -1 -1 0 
82 0 128 22 16 15 -1 -1 -1 0 
82 1 145 32 16 14 -1 -1 -1 0 
82 2 152 15 17 15 -1 -1 -1 0 
83 0 129 23 15 14 -1 -1 -1 0 
83 1 147 33 14 14 -1 -1 -1 0 
83 2 152 16 16 15 -1 -1 -1 0 
84 0 130 24 14 14 -1 -1 -1 0 
84 1 146 32 16 16 -1 -1 -1 0 
84 2 152 16 16 15 -1 -1 -1 0 
85 0 130 25 14 14 -1 -1 -1 0 
85 1 147 32 15 16 -1 -1 -1 0 
85 2 152 16 16 15 -1 -1 -1 0 
86 0 130 25 14 14 -1 -1 -1 0 
86 1 147 32 15 16 -1 -1 -1 0 
86 2 152 16 17 15 -1 -1 -1 0 
87 0 130 26 15 14 -1 -1 -1 0 
87 1 147 33 15 15 -1 -1 -1 0 
87 2 153 16 15 14 -1 -1 -1 0 
88 0 130 26 15 14 -1 -1 -1 0 
88 1 148 33 14 14 -1 -1 -1 0 
88 2 152 16 16 14 -1 -1 -1 0 
89 0 129 27 15 14 -1 -1 -1 0 
89 1 148 32 14 14 -1 -1 -1 0 
89 2 152 16 15 13 -1 -1 -1 0 
90 0 128 26 17 15 -1 -1 -1 0 
90 1 147 31 15 15 -1 -1 -1 0 
90 2 151 15 16 15 -1 -1 -1 0 
91 0 128 26 17 15 -1 -1 -1 0 
91 1 147 31 15 15 -1 -1 -1 0 
91 2 152 15 14 14 -1 -1 -1 0 
92 0 129 27 15 14 -1 -1 -1 0 
92 1 148 32 12 14 -1 -1 -1 0 
92 2 151 15 16 15 -1 -1 -1 0 
93 0 128 27 17 15 -1 -1 -1 0 
93 1 145 31 16 16 -1 -1 -1 0 
93 2 150 15 16 15 -1 -1 -1 0 
94 0 128 26 17 15 -1 -1 -1 0 
94 1 146 31 15 15 -1 -1 -1 0 
94 2 151 15 14 14 -1 -1 -1 0 
95 0 129 27 15 14 -1 -1 -1 0 
95 1 146 33 14 14 -1 -1 -1 0 
95 2 150 15 17 15 -1 -1 -1 0 
96 0 129 26 15 15 -1 -1 -1 0 
96 1 145 33 16 15 -1 -1 -1 0 
96 2 150 16 17 15 -1 -1 -1 0 
97 0 128 27 17 14 -1 -1 -1 0 
97 1 145 34 16 14 -1 -1 -1 0 
97 2 150 16 16 15 -1 -1 -1 0 
98 0 129 28 14 13 -1 -1 -1 0 
98 1 145 34 15 14 -1 -1 -1 0 
98 2 150 17 16 14 -1 -1 -1 0 
99 0 128 26 15 14 -1 -1 -1 0 
99 1 143 30 15 14 -1 -1 -1 0 
99 2 149 18 15 12 -1 -1 -1 0 
100 0 128 26 13 13 -1 -1 -1 0 
100 1 142 32 16 15 -1 -1 -1 0 
100 2 149 15 15 14 -1 -1 -1 0 
101 0 128 26 13 13 -1 -1 -1 0 
101 1 143 33 14 15 -1 -1 -1 0 
101 2 148 14 17 15 -1 -1 -1 0 
102 0 128 25 15 14 -1 -1 -1 0 
102 1 142 33 16 15 -1 -1 -1 0 
102 2 148 14 17 15 -1 -1 -1 0 
103 0 127 24 16 14 -1 -1 -1 0 
103 1 142 34 15 14 -1 -1 -1 0 
103 2 149 15 15 14 -1 -1 -1 0 
104 0 127 25 16 14 -1 -1 -1 0 
104 1 142 36 14 14 -1 -1 -1 0 
104 2 149 15 15 15 -1 -1 -1 0 
105 0 129 26 14 13 -1 -1 -1 0 
105 1 142 38 14 13 -1 -1 -1 0 
105 2 149 16 17 15 -1 -1 -1 0 
106 0 129 25 15 14 -1 -1 -1 0 
106 1 140 38 16 14 -1 -1 -1 0 
106 2 148 15 15 15 -1 -1 -1 0 
107 0 129 25 14 13 -1 -1 -1 0 
107 1 141 40 14 14 -1 -1 -1 0 
107 2 147 14 17 16 -1 -1 -1 0 
108 0 129 23 14 15 -1 -1 -1 0 
108 1 142 40 14 14 -1 -1 -1 0 
108 2 148 15 15 15 -1 -1 -1 0 
109 0 127 22 16 16 -1 -1 -1 0 
109 1 141 40 14 13 -1 -1 -1 0 
109 2 148 15 17 15 -1 -1 -1 0 
110 0 127 22 17 16 -1 -1 -1 0 
110 1 140 39 16 14 -1 -1 -1 0 
110 2 149 15 16 15 -1 -1 -1 0 
111 0 129 21 16 14 -1 -1 -1 0 
111 1 140 37 14 13 -1 -1 -1 0 
111 2 150 16 16 14 -1 -1 -1 0 
112 0 130 21 14 13 -1 -1 -1 0 
112 1 140 37 14 12 -1 -1 -1 0 
112 2 151 16 14 14 -1 -1 -1 0 
113 0 129 21 17 14 -1 -1 -1 0 
113 1 141 36 13 13 -1 -1 -1 0 
113 2 153 16 14 16 -1 -1 -1 0 
114 0 129 21 17 14 -1 -1 -1 0 
114 1 140 36 14 12 -1 -1 -1 0 
114 2 151 19 16 15 -1 -1 -1 0 
115 0 129 20 17 14 -1 -1 -1 0 
115 1 141 36 13 13 -1 -1 -1 0 
115 2 151 19 15 14 -1 -1 -1 0 
116 0 129 22 15 13 -1 -1 -1 0 
116 1 142 38 13 13 -1 -1 -1 0 
116 2 151 19 17 15 -1 -1 -1 0 
117 0 127 21 16 14 -1 -1 -1 0 
117 1 140 37 14 13 -1 -1 -1 0 
117 2 151 21 15 15 -1 -1 -1 0 
118 0 126 21 16 14 -1 -1 -1 0 
118 1 140 37 15 14 -1 -1 -1 0 
118 2 148 18 15 15 -1 -1 -1 0 
119 0 126 21 16 15 -1 -1 -1 0 
119 1 141 38 13 13 -1 -1 -1 0 
119 2 145 17 17 15 -1 -1 -1 0 
120 0 127 21 16 15 -1 -1 -1 0 
120 1 140 38 15 14 -1 -1 -1 0 
120 2 144 18 17 15 -1 -1 -1 0 
121 0 125 22 15 14 -1 -1 -1 0 
121 1 141 39 14 14 -1 -1 -1 0 
121 2 144 16 16 15 -1 -1 -1 0 
122 0 125 22 16 15 -1 -1 -1 0 
122 1 140 38 16 15 -1 -1 -1 0 
122 2 143 16 17 15 -1 -1 -1 0 
123 0 125 24 15 15 -1 -1 -1 0 
123 1 141 38 15 15 -1 -1 -1 0 
123 2 143 16 16 15 -1 -1 -1 0 
124 0 124 25 16 14 -1 -1 -1 0 
124 1 141 38 15 14 -1 -1 -1 0 
124 2 143 15 16 15 -1 -1 -1 0 
125 0 126 25 14 14 -1 -1 -1 0 
125 1 141 38 14 14 -1 -1 -1 0 
125 2 144 15 15 15 -1 -1 -1 0 
126 0 125 24 16 15 -1 -1 -1 0 
126 1 140 37 16 15 -1 -1 -1 0 
126 2 144 15 16 16 -1 -1 -1 0 
127 0 126 25 14 14 -1 -1 -1 0 
127 1 141 37 16 15 -1 -1 -1 0 
127 2 143 15 16 15 -1 -1 -1 0 
128 0 125 24 16 15 -1 -1 -1 0 
128 1 143 37 16 15 -1 -1 -1 0 
128 2 143 15 17 15 -1 -1 -1 0 
129 0 126 24 15 14 -1 -1 -1 0 
129 1 145 36 14 14 -1 -1 -1 0 
129 2 144 15 16 16 -1 -1 -1 0 
130 0 126 24 17 15 -1 -1 -1 0 
130 1 145 35 16 16 -1 -1 -1 0 
130 2 143 13 17 15 -1 -1 -1 0 
131 0 126 23 15 14 -1 -1 -1 0 
131 1 145 35 16 15 -1 -1 -1 0 
131 2 144 12 17 15 -1 -1 -1 0 
132 0 125 22 15 15 -1 -1 -1 0 
132 1 145 35 15 15 -1 -1 -1 0 
132 2 145 13 16 14 -1 -1 -1 0 
133 0 124 21 17 17 -1 -1 -1 0 
133 1 145 34 16 16 -1 -1 -1 0 
133 2 145 12 15 15 -1 -1 -1 0 
134 0 123 21 17 16 -1 -1 -1 0 
134 1 145 35 15 15 -1 -1 -1 0 
134 2 145 13 15 15 -1 -1 -1 0 
135 0 122 21 17 15 -1 -1 -1 0 
135 1 144 36 17 15 -1 -1 -1 0 
135 2 145 15 16 14 -1 -1 -1 0 
136 0 123 21 15 14 -1 -1 -1 0 
136 1 144 37 17 15 -1 -1 -1 0 
136 2 145 15 15 14 -1 -1 -1 0 
137 0 122 21 18 15 -1 -1 -1 0 
137 1 145 38 16 15 -1 -1 -1 0 
137 2 144 15 18 15 -1 -1 -1 0 
138 0 123 21 17 16 -1 -1 -1 0 
138 1 145 37 17 16 -1 -1 -1 0 
138 2 146 16 16 15 -1 -1 -1 0 
139 0 123 21 17 15 -1 -1 -1 0 
139 1 145 38 16 15 -1 -1 -1 0 
139 2 147 16 14 15 -1 -1 -1 0 
140 0 124 21 15 14 -1 -1 -1 0 
140 1 146 38 14 15 -1 -1 -1 0 
140 2 146 15 16 16 -1 -1 -1 0 
141 0 123 19 18 14 -1 -1 -1 0 
141 1 144 38 17 16 -1 -1 -1 0 
141 2 147 16 16 15 -1 -1 -1 0 
142 0 124 19 16 14 -1 -1 -1 0 
142 1 144 39 16 15 -1 -1 -1 0 
142 2 147 17 16 15 -1 -1 -1 0 
143 0 125 19 15 14 -1 -1 -1 0 
143 1 143 39 17 16 -1 -1 -1 0 
143 2 148 19 15 14 -1 -1 -1 0 
144 0 125 19 16 15 -1 -1 -1 0 
144 1 144 40 16 15 -1 -1 -1 0 
144 2 148 20 15 14 -1 -1 -1 0 
145 0 124 19 17 15 -1 -1 -1 0 
145 1 144 40 16 15 -1 -1 -1 0 
145 2 148 20 15 14 -1 -1 -1 0 
146 0 125 20 15 14 -1 -1 -1 0 
146 1 144 39 17 17 -1 -1 -1 0 
146 2 148 20 14 14 -1 -1 -1 0 
147 0 125 20 16 15 -1 -1 -1 0 
147 1 144 39 17 16 -1 -1 -1 0 
147 2 146 19 17 15 -1 -1 -1 0 
148 0 126 21 15 14 -1 -1 -1 0 
148 1 145 39 15 15 -1 -1 -1 0 
148 2 147 19 16 15 -1 -1 -1 0 
149 0 126 21 15 15 -1 -1 -1 0 
149 1 145 39 15 15 -1 -1 -1 0 
149 2 147 19 16 15 -1 -1 -1 0 
150 0 126 20 16 15 -1 -1 -1 0 
150 1 144 38 16 15 -1 -1 -1 0 
150 2 146 19 17 15 -1 -1 -1 0 
151 0 124 20 17 15 -1 -1 -1 0 
151 1 144 39 14 14 -1 -1 -1 0 
151 2 147 19 15 15 -1 -1 -1 0 
152 0 126 21 14 14 -1 -1 -1 0 
152 1 144 38 16 15 -1 -1 -1 0 
152 2 148 20 14 14 -1 -1 -1 0 
153 0 126 20 15 15 -1 -1 -1 0 
153 1 146 39 14 14 -1 -1 -1 0 
153 2 148 21 13 14 -1 -1 -1 0 
154 0 126 19 16 16 -1 -1 -1 0 
154 1 146 39 16 15 -1 -1 -1 0 
154 2 147 20 14 14 -1 -1 -1 0 
155 0 126 20 16 15 -1 -1 -1 0 
155 1 147 40 14 15 -1 -1 -1 0 
155 2 147 20 14 14 -1 -1 -1 0 
156 0 127 21 13 14 -1 -1 -1 0 
156 1 146 39 17 17 -1 -1 -1 0 
156 2 145 21 17 15 -1 -1 -1 0 
157 0 127 21 14 15 -1 -1 -1 0 
157 1 146 39 17 16 -1 -1 -1 0 
157 2 146 18 14 15 -1 -1 -1 0 
158 0 124 20 18 17 -1 -1 -1 0 
158 1 146 39 16 16 -1 -1 -1 0 
158 2 146 17 16 15 -1 -1 -1 0 
159 0 126 20 16 16 -1 -1 -1 0 
159 1 145 39 16 15 -1 -1 -1 0 
159 2 146 17 16 15 -1 -1 -1 0 
160 0 127 20 14 15 -1 -1 -1 0 
160 1 144 38 17 16 -1 -1 -1 0 
160 2 147 16 14 14 -1 -1 -1 0 
161 0 127 21 16 15 -1 -1 -1 0 
161 1 145 38 17 15 -1 -1 -1 0 
161 2 146 16 16 15 -1 -1 -1 0 
162 0 128 22 14 14 -1 -1 -1 0 
162 1 147 37 16 15 -1 -1 -1 0 
162 2 147 17 16 14 -1 -1 -1 0 
163 0 127 22 15 15 -1 -1 -1 0 
163 1 150 38 13 14 -1 -1 -1 0 
163 2 147 17 14 13 -1 -1 -1 0 
164 0 127 22 15 15 -1 -1 -1 0 
164 1 149 38 14 14 -1 -1 -1 0 
164 2 147 17 15 14 -1 -1 -1 0 
165 0 127 21 14 14 -1 -1 -1 0 
165 1 150 38 14 13 -1 -1 -1 0 
165 2 147 18 14 13 -1 -1 -1 0 
166 0 126 20 16 15 -1 -1 -1 0 
166 1 151 38 13 13 -1 -1 -1 0 
166 2 148 16 16 14 -1 -1 -1 0 
167 0 126 20 16 14 -1 -1 -1 0 
167 1 149 36 15 14 -1 -1 -1 0 
167 2 148 16 17 14 -1 -1 -1 0 
168 0 127 21 15 14 -1 -1 -1 0 
168 1 150 34 14 15 -1 -1 -1 0 
168 2 150 17 16 14 -1 -1 -1 0 
169 0 128 22 14 14 -1 -1 -1 0 
169 1 149 34 16 16 -1 -1 -1 0 
169 2 151 16 16 14 -1 -1 -1 0 
170 0 128 22 15 15 -1 -1 -1 0 
170 1 149 35 16 15 -1 -1 -1 0 
170 2 152 15 16 16 -1 -1 -1 0 
171 0 128 23 16 14 -1 -1 -1 0 
171 1 148 35 15 14 -1 -1 -1 0 
171 2 152 17 16 14 -1 -1 -1 0 
172 0 128 22 16 14 -1 -1 -1 0 
172 1 147 36 16 15 -1 -1 -1 0 
172 2 151 15 14 14 -1 -1 -1 0 
173 0 127 21 17 15 -1 -1 -1 0 
173 1 148 36 15 14 -1 -1 -1 0 
173 2 150 16 15 14 -1 -1 -1 0 
174 0 126 20 17 16 -1 -1 -1 0 
174 1 147 35 18 16 -1 -1 -1 0 
174 2 150 17 15 14 -1 -1 -1 0 
175 0 125 20 18 16 -1 -1 -1 0 
175 1 149 37 17 15 -1 -1 -1 0 
175 2 149 16 15 14 -1 -1 -1 0 
176 0 127 20 15 15 -1 -1 -1 0 
176 1 149 37 15 14 -1 -1 -1 0 
176 2 148 16 15 15 -1 -1 -1 0 
177 0 126 20 16 15 -1 -1 -1 0 
177 1 148 34 14 15 -1 -1 -1 0 
177 2 149 18 15 13 -1 -1 -1 0 
178 0 127 20 14 14 -1 -1 -1 0 
178 1 146 33 18 16 -1 -1 -1 0 
178 2 149 15 13 14 -1 -1 -1 0 
179 0 127 21 14 14 -1 -1 -1 0 
179 1 147 33 16 16 -1 -1 -1 0 
179 2 147 14 16 16 -1 -1 -1 0 
180 0 126 22 16 14 -1 -1 -1 0 
180 1 147 33 16 16 -1 -1 -1 0 
180 2 146 16 17 14 -1 -1 -1 0 
181 0 126 21 17 16 -1 -1 -1 0 
181 1 148 31 16 15 -1 -1 -1 0 
181 2 147 15 15 14 -1 -1 -1 0 
182 0 126 22 17 15 -1 -1 -1 0 
182 1 149 32 14 14 -1 -1 -1 0 
182 2 147 15 16 14 -1 -1 -1 0 
183 0 127 22 15 15 -1 -1 -1 0 
183 1 150 33 15 14 -1 -1 -1 0 
183 2 148 17 14 14 -1 -1 -1 0 
184 0 126 22 16 15 -1 -1 -1 0 
184 1 151 34 13 13 -1 -1 -1 0 
184 2 147 17 16 15 -1 -1 -1 0 
185 0 128 23 14 15 -1 -1 -1 0 
185 1 151 36 13 14 -1 -1 -1 0 
185 2 147 18 15 14 -1 -1 -1 0 
186 0 128 22 15 16 -1 -1 -1 0 
186 1 148 37 17 15 -1 -1 -1 0 
186 2 146 17 16 16 -1 -1 -1 0 
187 0 128 22 16 15 -1 -1 -1 0 
187 1 148 40 15 15 -1 -1 -1 0 
187 2 146 15 14 16 -1 -1 -1 0 
188 0 128 22 16 15 -1 -1 -1 0 
188 1 146 40 17 16 -1 -1 -1 0 
188 2 145 16 16 15 -1 -1 -1 0 
189 0 128 22 16 15 -1 -1 -1 0 
189 1 147 40 15 15 -1 -1 -1 0 
189 2 145 18 16 15 -1 -1 -1 0 
190 0 129 21 14 14 -1 -1 -1 0 
190 1 147 40 15 14 -1 -1 -1 0 
190 2 145 17 15 15 -1 -1 -1 0 
191 0 129 21 14 15 -1 -1 -1 0 
191 1 146 40 16 16 -1 -1 -1 0 
191 2 144 17 16 15 -1 -1 -1 0 
192 0 128 21 16 16 -1 -1 -1 0 
192 1 146 39 16 16 -1 -1 -1 0 
192 2 146 18 16 15 -1 -1 -1 0 
193 0 128 21 16 16 -1 -1 -1 0 
193 1 146 39 15 15 -1 -1 -1 0 
193 2 147 18 16 14 -1 -1 -1 0 
194 0 128 22 17 15 -1 -1 -1 0 
194 1 145 39 14 14 -1 -1 -1 0 
194 2 150 19 13 14 -1 -1 -1 0 
195 0 129 23 16 14 -1 -1 -1 0 
195 1 142 38 16 14 -1 -1 -1 0 
195 2 150 20 15 15 -1 -1 -1 0 
196 0 131 20 14 14 -1 -1 -1 0 
196 1 141 38 15 14 -1 -1 -1 0 
196 2 149 17 15 15 -1 -1 -1 0 
197 0 130 19 14 14 -1 -1 -1 0 
197 1 140 36 15 15 -1 -1 -1 0 
197 2 150 16 15 15 -1 -1 -1 0 
198 0 130 20 15 14 -1 -1 -1 0 
198 1 138 35 16 14 -1 -1 -1 0 
198 2 149 16 16 15 -1 -1 -1 0 
199 0 130 19 13 13 -1 -1 -1 0 
199 1 138 36 14 13 -1 -1 -1 0 
199 2 148 15 15 15 -1 -1 -1 0 
200 0 129 17 15 14 -1 -1 -1 0 
200 1 137 36 15 14 -1 -1 -1 0 
200 2 146 14 18 15 -1 -1 -1 0 
201 0 128 17 17 14 -1 -1 -1 0 
201 1 135 35 16 15 -1 -1 -1 0 
201 2 147 16 16 14 -1 -1 -1 0 
202 0 128 17 14 14 -1 -1 -1 0 
202 1 133 36 16 15 -1 -1 -1 0 
202 2 147 16 14 14 -1 -1 -1 0 
203 0 127 17 16 15 -1 -1 -1 0 
203 1 134 38 15 14 -1 -1 -1 0 
203 2 145 15 18 16 -1 -1 -1 0 
204 0 127 18 17 15 -1 -1 -1 0 
204 1 133 37 17 16 -1 -1 -1 0 
204 2 145 16 18 15 -1 -1 -1 0 
205 0 127 18 16 14 -1 -1 -1 0 
205 1 133 37 17 16 -1 -1 -1 0 
205 2 146 17 16 14 -1 -1 -1 0 
206 0 128 18 15 14 -1 -1 -1 0 
206 1 134 37 16 16 -1 -1 -1 0 
206 2 148 18 14 14 -1 -1 -1 0 
207 0 128 18 17 15 -1 -1 -1 0 
207 1 133 38 17 15 -1 -1 -1 0 
207 2 147 18 16 15 -1 -1 -1 0 
208 0 129 18 15 14 -1 -1 -1 0 
208 1 133 41 17 15 -1 -1 -1 0 
208 2 148 18 15 15 -1 -1 -1 0 
209 0 131 19 14 13 -1 -1 -1 0 
209 1 134 42 15 16 -1 -1 -1 0 
209 2 148 19 16 15 -1 -1 -1 0 
210 0 130 18 17 14 -1 -1 -1 0 
210 1 133 41 18 16 -1 -1 -1 0 
210 2 148 20 16 15 -1 -1 -1 0 
211 0 131 19 16 14 -1 -1 -1 0 
211 1 133 41 17 16 -1 -1 -1 0 
211 2 148 20 17 15 -1 -1 -1 0 
212 0 133 20 14 12 -1 -1 -1 0 
212 1 133 42 16 15 -1 -1 -1 0 
212 2 150 23 14 14 -1 -1 -1 0 
213 0 132 19 15 13 -1 -1 -1 0 
213 1 133 42 18 17 -1 -1 -1 0 
213 2 151 24 14 14 -1 -1 -1 0 
214 0 132 19 16 14 -1 -1 -1 0 
214 1 134 41 17 16 -1 -1 -1 0 
214 2 151 21 15 15 -1 -1 -1 0 
215 0 132 19 15 13 -1 -1 -1 0 
215 1 135 41 17 15 -1 -1 -1 0 
215 2 150 21 17 16 -1 -1 -1 0 
216 0 131 18 14 15 -1 -1 -1 0 
216 1 137 42 14 14 -1 -1 -1 0 
216 2 149 22 17 15 -1 -1 -1 0 
217 0 148 17 16 17 -1 -1 -1 0 
217 1 135 40 17 15 -1 -1 -1 0 
217 2 130 21 16 13 -1 -1 -1 0 
218 0 149 17 16 16 -1 -1 -1 0 
218 1 136 39 16 16 -1 -1 -1 0 
218 2 129 19 15 13 -1 -1 -1 0 
219 0 148 18 15 14 -1 -1 -1 0 
219 1 138 40 14 15 -1 -1 -1 0 
219 2 128 17 15 14 -1 -1 -1 0 
220 0 148 16 15 14 -1 -1 -1 0 
220 1 136 38 17 15 -1 -1 -1 0 
220 2 128 17 15 14 -1 -1 -1 0 
221 0 148 16 16 15 -1 -1 -1 0 
221 1 138 39 14 13 -1 -1 -1 0 
221 2 129 18 15 14 -1 -1 -1 0 
222 0 148 18 15 14 -1 -1 -1 0 
222 1 138 39 13 13 -1 -1 -1 0 
222 2 128 18 16 15 -1 -1 -1 0 
223 0 149 19 14 14 -1 -1 -1 0 
223 1 137 38 14 14 -1 -1 -1 0 
223 2 128 19 16 14 -1 -1 -1 0 
224 0 149 20 17 15 -1 -1 -1 0 
224 1 137 39 14 14 -1 -1 -1 0 
224 2 129 20 13 13 -1 -1 -1 0 
225 0 150 21 15 14 -1 -1 -1 0 
225 1 137 40 13 13 -1 -1 -1 0 
225 2 128 19 15 14 -1 -1 -1 0 
226 0 149 20 17 15 -1 -1 -1 0 
226 1 136 39 14 14 -1 -1 -1 0 
226 2 128 19 14 13 -1 -1 -1 0 
227 0 150 19 16 16 -1 -1 -1 0 
227 1 137 39 14 15 -1 -1 -1 0 
227 2 128 20 15 14 -1 -1 -1 0 
228 0 149 20 17 15 -1 -1 -1 0 
228 1 136 40 16 15 -1 -1 -1 0 
228 2 127 20 16 15 -1 -1 -1 0 
229 0 150 19 15 16 -1 -1 -1 0 
229 1 136 40 15 14 -1 -1 -1 0 
229 2 125 18 17 14 -1 -1 -1 0 
230 0 149 19 16 15 -1 -1 -1 0 
230 1 137 39 15 15 -1 -1 -1 0 
230 2 125 17 17 14 -1 -1 -1 0 
231 0 150 20 14 14 -1 -1 -1 0 
231 1 137 40 15 14 -1 -1 -1 0 
231 2 127 19 15 14 -1 -1 -1 0 
232 0 147 17 16 15 -1 -1 -1 0 
232 1 136 38 16 15 -1 -1 -1 0 
232 2 126 19 16 14 -1 -1 -1 0 
233 0 146 16 16 15 -1 -1 -1 0 
233 1 136 38 16 14 -1 -1 -1 0 
233 2 126 18 16 15 -1 -1 -1 0 
234 0 145 16 16 15 -1 -1 -1 0 
234 1 136 39 16 14 -1 -1 -1 0 
234 2 124 18 17 15 -1 -1 -1 0 
235 0 145 15 17 15 -1 -1 -1 0 
235 1 136 40 15 14 -1 -1 -1 0 
235 2 126 19 14 14 -1 -1 -1 0 
236 0 146 16 16 15 -1 -1 -1 0 
236 1 136 41 16 14 -1 -1 -1 0 
236 2 126 19 16 15 -1 -1 -1 0 
237 0 146 18 16 14 -1 -1 -1 0 
237 1 137 43 14 13 -1 -1 -1 0 
237 2 128 21 14 14 -1 -1 -1 0 
238 0 145 19 15 14 -1 -1 -1 0 
238 1 135 41 14 15 -1 -1 -1 0 
238 2 127 20 15 15 -1 -1 -1 0 
239 0 145 20 16 15 -1 -1 -1 0 
239 1 134 41 17 17 -1 -1 -1 0 
239 2 127 21 14 14 -1 -1 -1 0 
240 0 145 22 15 15 -1 -1 -1 0 
240 1 134 43 16 16 -1 -1 -1 0 
240 2 125 20 17 15 -1 -1 -1 0 
241 0 145 21 16 15 -1 -1 -1 0 
241 1 133 43 16 15 -1 -1 -1 0 
241 2 126 20 16 14 -1 -1 -1 0 
242 0 146 23 15 14 -1 -1 -1 0 
242 1 133 42 16 15 -1 -1 -1 0 
242 2 126 21 15 13 -1 -1 -1 0 
243 0 143 23 17 15 -1 -1 -1 0 
243 1 133 43 15 14 -1 -1 -1 0 
243 2 126 21 16 14 -1 -1 -1 0 
244 0 143 20 17 15 -1 -1 -1 0 
244 1 134 43 14 14 -1 -1 -1 0 
244 2 126 21 16 14 -1 -1 -1 0 
245 0 143 19 16 15 -1 -1 -1 0 
245 1 133 43 16 15 -1 -1 -1 0 
245 2 125 21 17 14 -1 -1 -1 0 
246 0 144 20 14 13 -1 -1 -1 0 
246 1 134 45 15 14 -1 -1 -1 0 
246 2 127 21 14 14 -1 -1 -1 0 
